87 59 7992
42283 43267
53687 52891
86761 90823
44215 45166
84383 49721
85303 75967
96445 85850
69568 84475
67529 79282
90029 67464
86093 81240
68083 89578
45082 41372
67099 80946
91309 71001
68643 50277
81389 72660
70453 89372
41862 38546
47673 82686
63255 58069
90528 65212
81708 43478
47885 93877
56851 75181
72750 92803
54581 67742
86216 67748
55988 56342
97876 77972
96622 55790
63651 89623
100678 38154
80732 81385
58584 26479
45869 81405
48026 61869
49210 70331
92248 52827
76504 41598
63393 100203
95113 44963
88143 41447
71747 54852
80883 33615
54547 43010
49173 83819
54432 100245
67504 48323
109554 55275
52766 58208
40513 76675
72379 63874
45640 36676
103909 69811
56451 85745
43371 73699
60703 78598
101913 79285
88059 41235
88813 49706
80749 67063
100828 62726
93573 74971
86141 76398
69615 85812
91010 93532
51126 98023
83733 84908
84562 73382
89913 96532
85923 75912
60487 44818
37855 57193
59508 83624
107472 77458
59041 82812
46434 45889
97653 36078
69138 67857
46211 72347
51238 90332
68379 64065
92216 85465
97723 53912
104405 85715
98220 75546
42580 44163
47837 64151
92904 82820
43632 49673
82320 53706
88206 89012
89942 87579
96744 84293
81964 76558
96582 64994
80150 72174
59898 92663
56948 50175
55403 75966
90892 63900
69170 42974
76306 88152
69666 90492
44382 43044
46245 77135
59387 56460
89734 73174
90082 49860
58510 90075
56174 71817
73959 86045
61000 74606
86839 73859
51266 50820
94514 76153
93280 47314
66567 95967
90077 44428
84488 81619
69404 49084
58486 91208
53777 56390
45450 58003
96053 48196
68716 50896
55855 89470
99893 51189
79278 48887
71030 55128
81293 48672
54153 44677
43267 83510
44822 98462
59997 50041
99926 60263
43531 76608
47433 79215
73257 68102
43444 48300
98962 65226
52304 93457
46772 61728
62124 78886
87850 73501
93762 53573
79555 44530
73747 72680
96565 65415
99280 89954
86197 61478
67508 79101
92882 86057
48507 97356
79565 73017
77988 77296
94656 90342
77322 70197
59467 49330
42997 60995
64799 94693
96321 81713
57979 70727
53197 58884
89845 51428
50500 78017
43861 75607
51653 92199
84389 54514
89614 89329
93241 58624
98009 67090
88975 62534
-5995 -8004
9887 9967
-3875 8518
-2291 -830
-16928 1489
-11156 6436
922 -6290
-9788 -4768
-8728 14777
-17766 -921
-687 4250
13168 3024
38 -1685
7055 11144
-3999 3757
6759 6728
-3518 -13911
8931 -11534
10182 -7973
4910 -6312
-988 -371
-11963 -13299
14493 -1836
-7752 -6449
13042 -73
11288 96
-6901 2106
10208 -1671
-8913 9368
-6577 4160
-2605 1589
13773 -6051
7007 -12707
-3459 -3637
-1992 -1901
-13239 -4461
10717 -11942
1309 -10413
-3098 1295
-14981 2893
2851 -3235
-13641 6505
3208 1807
-8300 -746
14000 -10221
12020 2113
21041 -5176
-3295 10152
-275 8714
-691 -17518
-2033 8255
7043 -8889
27 6207
-3903 -8336
7237 -605
15992 5601
-7460 -1073
-1627 16529
9841 3562
