32 59 1345
68853 84832
87924 70141
22452 28683
63575 43069
85233 67862
23351 78757
95300 27264
39620 50979
19789 25194
59430 65511
60966 86484
45921 63808
54816 58313
41932 38841
38360 46452
52783 75507
74556 82112
82999 79221
97505 69427
24445 41682
64927 81246
71152 55508
33589 82549
32213 50494
89099 23852
31491 88191
40364 66629
73799 66237
96453 40493
38058 38558
42801 49539
18502 80107
69576 83393
89765 71580
21963 25292
62946 44359
84930 67582
23379 77529
96258 26802
39907 51893
19617 23218
59014 65424
60883 86546
47533 62113
53963 55240
41204 39512
38160 48180
54092 74264
73134 79252
82792 79655
98830 69054
23222 42875
65303 80438
71223 54632
33340 87076
31477 51825
88283 21785
32048 87101
41161 68158
73571 68975
96984 40445
37315 37739
42019 50022
19556 82721
-1298 436
1037 794
108 298
-335 2329
1394 337
190 -4238
936 435
396 -949
654 1556
-447 34
-1504 163
-688 -482
211 -78
200 -128
1255 948
-1732 -1305
-2714 1111
2590 -687
773 892
-132 2010
1161 -114
-512 1465
-893 755
723 -282
1028 -1558
-1348 110
599 -496
571 -708
-273 -1151
1536 164
-246 -643
1716 2306
-1902 1853
-1896 -68
-1688 -579
484 -1013
-273 895
-1039 -124
2170 -1862
-183 2355
984 -1290
-654 -624
253 783
-1377 872
1037 -979
-2306 2958
1183 2483
-631 -255
961 -1739
-376 3
507 585
-2248 -161
2300 204
-552 1026
-48 -1349
2056 -1533
202 -393
743 1617
842 3701
