78 52 5427
58240 79600
71174 43256
70093 63793
88653 78040
45979 69704
75672 55831
72161 81784
87502 68145
31257 91625
81222 68926
76200 79971
92163 86679
92553 92218
32068 96535
67411 53008
79093 85627
30891 81428
66589 78842
71336 51253
87606 59469
37057 48225
52345 31659
40164 45050
78168 77311
89324 48462
69473 84576
39429 88714
71818 86925
78574 62407
69027 89172
43888 88188
60478 95575
88448 45892
96229 45893
55225 40589
37908 91192
58137 58934
85956 69335
84846 81434
81315 98821
57234 67580
65137 79548
40815 88807
95675 47470
97549 71997
47883 38289
38359 37485
99493 81995
92647 43142
62248 74142
25529 43258
84904 42632
88509 50727
36630 102345
36264 72578
82205 60939
75911 60431
64990 43967
77010 58326
57926 29632
36065 45357
92448 94222
37225 52763
33828 41422
57000 40824
77846 106451
82676 44080
58218 103002
77045 59472
53966 32295
64171 39071
42627 39330
62071 63075
53444 28586
97949 57486
34257 54555
78564 42630
78207 80386
62602 89331
71701 49007
67787 61241
88987 71810
48572 72596
74410 56394
75819 79467
86586 68936
36542 96569
70785 74055
81758 88296
90146 97202
94772 90629
39542 93624
64248 65558
78207 79266
39788 82231
75894 80179
75798 48441
91779 59042
31909 42147
44188 31716
44483 50864
77983 79445
92216 54390
73350 78928
42949 88145
68834 82041
84098 67064
73638 82654
37119 89389
67456 97860
85791 40016
95353 38996
70516 40249
35515 98802
49027 69014
88264 77701
81119 76345
75679 94366
54007 71516
68169 67141
46048 81462
93411 52289
97925 84275
45802 33466
33529 42878
87887 84072
82337 47988
58020 71472
31356 36922
96390 36881
93636 63791
37916 99595
44026 79798
79735 62705
66396 59386
67010 45538
86706 59077
54861 33792
37265 40120
96116 85967
39174 55385
31156 46234
65877 42605
85755 99413
84741 47718
57857 97024
79285 57469
56017 36430
56484 36686
49073 34508
68163 65576
49230 32649
99689 55904
37362 54108
76391 45539
78622 77173
8206 -11636
-2442 -1018
-7669 13968
-9955 4872
6153 -5032
-3370 2101
559 3728
-1151 -4419
-264 1403
-3652 5184
-3528 -1533
-6677 -2181
5281 -293
6007 8218
-4262 4007
-895 8196
5587 7994
-1575 5125
-3106 -8613
-4903 -1159
-11262 4018
-2638 -746
5110 -5473
-1544 1157
-6676 1591
-10038 2211
-7743 4418
2565 3034
-863 -2703
471 -4104
216 -2629
8832 3411
444 4517
2830 -9712
5566 6331
-601 -101
14705 5084
-4083 5081
6910 5028
-3818 1378
14022 -1
10777 -1035
5938 4453
-6596 337
-11113 5548
883 -12170
842 7323
-7566 -4397
-613 2310
-5000 -727
-1791 -808
643 -3648
