83 181 2074
56929 43602
16922 64103
86158 71413
63783 17160
60537 29830
26890 30212
14752 63779
29975 45613
29129 72052
20756 88985
63817 49454
36638 86715
71488 90180
77859 47080
90789 39676
79797 81445
85740 20730
43092 89616
80469 74329
77010 62288
46303 98208
54445 94962
87852 25497
61371 33343
89080 76419
69606 91707
35133 95395
87321 25427
77636 54934
91023 95300
39100 90454
91650 43040
33279 93880
80477 63654
36016 29173
53007 76454
18267 14627
18721 84094
39253 90414
86815 73158
75931 93245
57095 74682
69974 84408
80125 36096
30564 75188
88449 48667
70496 12751
18359 33483
69202 67276
74792 88806
38357 47584
20141 16859
78769 58990
66747 74090
41058 88073
91676 58770
79028 58771
33177 33134
42913 57090
12320 88690
30621 50488
28732 66729
30792 98641
86763 77517
54456 38901
41613 43443
71585 55330
37749 46735
58564 99230
37667 54559
64048 17761
19215 55521
32100 35080
73103 63261
53739 40146
41477 82196
34176 44800
53292 36958
10813 69090
77848 23680
63947 54352
76401 39728
47451 86096
54219 44211
16693 67590
86189 69533
62679 16342
60875 30079
27488 29144
13975 61869
31445 42984
29684 71223
18893 90188
61398 47666
34639 88132
67591 89978
80031 44669
91885 36323
78555 81158
88804 21938
45203 88297
77270 77081
79797 65161
46809 97704
55497 95436
90777 24932
63407 33246
89404 75093
70191 92049
35617 98626
89516 28592
77694 57748
90579 95716
43296 90721
89338 41904
34837 92939
78387 59633
31907 30522
52873 75446
17369 16582
21458 80118
41548 87124
86221 73682
76620 91496
59823 76340
74226 85298
83013 38850
32593 78641
85894 48945
71056 12957
16550 32686
70278 67030
77259 89883
38047 49470
21746 19767
75536 63637
68415 68169
42815 85275
90127 60545
79354 59120
36148 32732
44192 52325
14542 91943
28429 51056
28871 62169
30793 99136
86119 75337
55687 41675
41698 44702
70623 56709
36528 45611
65372 99970
40578 55299
67475 17503
19786 53052
32320 35564
72875 62907
56020 37143
45513 84347
36105 44946
55329 41293
12672 73351
75379 25908
64718 50728
77787 41338
47815 86052
1792 564
2214 -506
1109 750
-320 293
-1224 24
-2356 -700
2066 1336
-2193 -425
-279 -1688
-2009 -2012
259 -968
5573 -822
-269 -407
3633 -272
-1621 -1201
-2576 1758
-691 2226
-2126 -1816
5138 -849
-1789 -2623
1785 2556
-1275 -1001
-810 438
4057 -3276
-3840 -535
1143 -920
2087 3925
2051 -2831
-375 1216
2895 -1040
-926 -655
-3175 2851
-4286 993
1255 -873
4224 356
1529 -2795
-3315 773
94 -2097
1690 2418
1392 3187
977 1518
-2416 353
2963 -1342
3778 601
-1158 -1985
-3213 3767
555 2394
-1594 -3316
-4315 1771
-331 -1229
-621 -409
-3500 1780
1845 660
-695 5278
1704 -209
-3480 -419
2890 -2778
-3785 847
434 -362
-683 -1612
-25 1041
1770 1594
1505 2770
993 1637
-336 972
2617 3179
-834 442
-3460 227
-1530 1453
1123 188
-2524 -838
1473 2658
-4755 939
-1424 -2683
2542 -83
2133 2701
2825 -752
239 394
784 3170
1061 -1702
2124 1510
-4495 1072
3364 -875
228 -2381
641 2321
4019 -409
2910 -168
1245 -1273
-143 2088
-3526 -3440
246 1113
-2555 57
-1917 -967
2495 764
2463 1290
3602 829
-1377 -474
841 -165
-1231 -158
-1278 -553
-1937 -1751
-1476 2439
-2551 -3024
-2624 3500
-2286 -3274
-9 -205
783 -2799
-1246 528
-1089 -2502
-1883 -987
-1084 -1722
2660 -3621
-3635 3113
1845 -6966
-263 -884
2306 -1410
146 3136
-4914 1430
852 434
63 1552
1738 -986
-791 -305
262 1288
-2033 -1365
1936 3050
-869 492
-169 695
1346 -1060
2984 -260
2492 697
242 1730
-1897 3613
-32 2527
-1787 -3344
-1006 438
656 309
-1996 2378
559 263
-1043 -37
-1928 123
-700 3012
-2967 -2078
1547 2370
1998 -1553
4540 -635
-402 3352
-1811 1013
1985 4271
3774 -2046
-1099 -3548
-4749 -2288
-3120 1426
-505 -2684
-1505 1437
3111 -2681
-424 4420
-1263 2904
-15 -2112
-1518 -1303
668 -3501
-3186 1713
519 2408
-4349 -840
1044 -2076
1488 914
-473 -1297
806 1639
-266 -5430
-2894 -33
183 -2289
-2003 1205
735 3186
-1191 4282
1330 -1144
-594 -1084
-1189 1594
-530 -440
1010 -882
1792 -3933
1400 2437
219 -1424
