43 160 4969
84671 66002
91530 80975
95619 45590
43618 93756
72584 36729
40899 53798
77946 67560
73796 54954
35884 68188
40697 30018
80514 92476
58903 50889
46467 101605
57335 68098
42764 94241
57104 50527
33593 82407
66189 89674
28761 73791
66549 80321
55323 41917
28576 89417
92955 56975
51401 33270
23917 79582
77012 85339
51485 36182
89331 62856
78106 56554
42723 67173
26807 70925
41177 69229
43803 60970
51423 70762
51787 83939
30639 54179
41491 86381
72701 44698
84197 26613
45104 77135
54140 83084
86757 88410
85097 35087
84185 67365
87733 81702
84980 44524
36638 78424
82746 40356
38736 56137
75415 71119
75650 51270
33938 58322
43144 33781
83640 83150
55515 55992
45910 95921
56836 56806
48479 95930
57305 60392
34931 77397
68950 88146
27691 76489
68267 75440
59573 45928
29579 88793
87512 57145
60346 38629
27916 72134
72895 83448
51883 36751
93759 71465
77013 57166
45178 69736
29972 64039
38972 67310
42315 67724
52427 72890
50963 86748
27095 57668
48787 92925
77056 44335
91888 27524
44603 82669
60398 85480
88629 90804
78310 33373
1915 101
3153 13501
-4734 -2873
3809 -5202
-3792 -3805
-3268 -2940
5797 244
2158 -2288
-5053 -9558
2773 3680
6440 -5050
10392 -144
4888 -3003
1733 -7082
2372 -5953
-4526 7911
3879 -2757
1110 -2041
-3037 -291
-4423 1447
-6569 -4774
1480 2181
-3021 -2578
1873 -1918
-6763 5047
-1497 1639
-852 3510
3195 6317
2660 -3424
851 11710
1064 7011
-3436 5900
-2753 -5597
2359 -7287
3528 4656
-4116 -2314
-2439 -2349
7173 3980
-10791 3446
2671 9757
-3526 1946
-1367 1090
-3194 -3129
4827 3519
7765 -5925
-3333 6428
-5309 -9021
3454 -2231
-5152 -7133
3440 -3230
40 3609
-5945 6102
-3322 -132
4354 -2186
8331 3960
323 -1715
2477 -3785
4924 -6244
5451 2615
-1418 -6749
12549 7082
4771 1829
2742 -1462
-3792 -2694
6002 2688
5905 2507
-5162 5971
-2373 -4960
-596 -3161
-9909 -29
-2094 3984
4958 1625
-5625 -6354
-602 8781
-1925 -3179
-3776 11392
-2044 7813
-910 -2518
-2467 1295
1505 2684
-6773 -9359
-3141 4373
-5971 -2115
4332 -6988
-3729 905
2432 -782
-6623 3016
6797 9191
-327 -2087
6823 -1874
5297 -1657
7793 2547
656 1805
1293 -1801
5562 -6684
2370 3468
2162 -1486
19 1470
6733 3289
1133 -4356
-8856 -1317
-2768 946
-1695 1827
3900 8535
-6608 5490
8262 -6199
-7132 132
-9378 -6040
-687 -3785
11302 3217
1974 -5824
-6039 1665
443 -6960
-1274 -3393
2630 -1090
989 1113
-887 -9501
8434 2406
-1482 -3984
-4070 -7789
-5106 689
-3533 -3658
-429 3132
232 3313
2468 -2115
-2569 1191
13 4929
4075 -3746
6850 8212
-5922 -7569
2991 1048
4860 6198
3518 12026
458 1821
-11896 179
-4223 -4671
-4110 3065
-5775 -1086
136 -622
8417 4301
9270 -689
-5201 -614
-6376 1566
-2077 -1569
2569 -4098
3804 3035
-1089 -6467
-4073 -4773
-842 -10146
1925 -3018
-3133 8121
-224 3248
3376 -670
784 5843
2516 2997
-3662 -1835
3039 8740
-1758 -5237
-6088 2117
-534 -5615
