49 127 6427
69997 88011
64030 46327
81765 51170
55549 66023
101091 88280
59975 57493
90031 56585
100129 90850
63176 72268
73345 80410
65312 58192
91020 61552
40671 46192
56064 100089
69508 87691
99066 66242
83109 64844
54706 67139
96100 49047
71681 72026
55027 77548
83386 78610
71761 81642
58648 65115
81635 71304
54548 54698
70190 64609
39207 81312
85574 34116
65668 91554
93224 81939
55311 57302
99947 78297
85225 86582
71669 72888
46438 95011
61998 54707
53440 42945
84906 89477
72879 88361
62282 54686
51929 57752
74044 77072
75921 86600
105744 71456
44031 88902
63433 42317
72369 89887
52562 92939
70742 96471
55005 52846
84312 58081
50970 69171
99874 84608
63983 53501
92377 64036
95565 92806
54571 64751
70928 87224
62121 53585
90244 62508
48293 55808
48177 97311
64657 84108
86035 71062
81408 70333
58466 70842
82241 53231
72903 55059
51014 72151
81714 71762
69283 81334
62539 68634
84393 73413
56262 49079
66961 65099
45923 87475
82855 48952
63416 82729
85877 69275
57446 55758
93136 77190
91566 91651
69915 74394
52188 90143
59445 58379
48919 54957
82653 90186
67541 94314
62228 52654
52438 57343
75754 84626
81800 86387
97369 63158
47207 86403
61260 50615
68813 81938
49201 92750
3664 -4700
5163 -4861
85 991
4685 9654
14819 -3792
-111 6029
-6684 1739
-9614 -11075
2630 -738
2332 1060
-6042 -557
8515 -4310
-1871 3634
-3236 -6048
-1902 -3667
-1259 14217
1648 14791
-6477 8245
-6364 1060
3976 -1697
5449 -1077
6564 -5054
15189 90
4118 -13603
-8566 5794
10361 8456
-511 1191
8610 11948
4819 -4150
-3372 15555
-2637 11721
7991 -8805
7030 2011
2618 -3405
-6700 -1398
4084 -1533
-1063 8200
-1904 3145
10006 -213
-5236 -11217
-1264 -2341
-17656 3030
2254 -5506
-4594 4562
-4874 5574
1334 -2567
-2556 -10218
-6179 -11170
-3293 -1701
2944 -1856
-1511 -3587
674 13067
997 -552
-7052 -9520
-5142 6188
6824 2502
-3323 -10339
-1954 9021
4947 -12085
-888 -2537
-9102 -857
1429 -925
-6594 -1114
1138 -850
1050 251
-3170 -1142
-3060 7260
3822 1566
-5185 -818
5869 -4401
-5371 2703
5641 -7927
-6141 5118
11321 993
-3316 10388
-5071 4589
-301 -1567
3026 3734
-3900 7940
-3973 2874
4503 8992
9186 10094
4711 -2410
-4456 854
-7774 6173
-2983 -6717
3999 -6753
-2780 -4585
4177 -1134
3575 7817
-3137 -1533
9839 -7589
-7171 2545
-1160 6199
-3493 5679
9755 170
604 3923
-3147 9123
-13686 904
-3463 2264
-1597 984
4582 1218
6869 -2907
3664 -7906
-2731 -3538
3963 -8147
298 -5831
206 233
-14832 14725
-5031 2556
-11605 4373
-1682 -7080
-70 -3062
-3039 -4708
4687 183
-4748 7208
7733 -5728
2602 4327
-981 -23218
9356 3549
-9 5572
-5710 1433
-725 3477
-16398 1769
251 -11090
3138 -6532
8105 6004
