48 56 8197
35816 52048
87591 46614
67234 97358
83628 81574
86675 41300
53683 88500
42984 101634
43444 24406
86860 69836
33964 91266
70049 104330
49040 44572
88239 57334
14536 57077
64025 86623
44993 83321
72329 58847
35737 70388
51537 43965
65285 84439
51883 97879
73331 73987
60462 77638
38300 86393
37852 69799
72433 62449
51480 76032
65478 68006
39320 23234
34833 53923
102177 40991
102147 56917
79975 28398
75676 45199
93932 111208
59185 74277
44188 55142
70949 53624
85685 91494
34647 100086
43999 45346
32922 51391
57997 77640
80491 29446
77670 67831
59206 91164
34359 39290
43621 89957
33221 48263
76894 51194
67068 88593
86015 62438
75654 36196
52035 92275
33657 95619
52362 33350
89551 72592
37138 90546
73890 92090
43868 29264
92650 48983
30363 56429
54352 86785
49332 80700
75008 43672
46991 61885
64918 34246
78475 74144
47443 84484
87104 96241
71309 71204
44070 84782
61093 82088
69615 54901
52139 85469
69746 72347
45846 29902
30595 61269
85075 29461
98538 45163
71157 44501
88431 29042
98908 90416
61516 62756
40153 53812
74318 64819
82931 74777
48124 88555
50263 45455
32010 44623
61591 68949
85808 37011
77695 59402
58561 98587
30155 42576
38543 83987
632 1930
-6951 9344
-12359 -12135
9863 -1032
-9547 -17946
-1889 21742
-13008 4057
20585 5850
1997 5392
-12649 6325
-4842 1146
-10652 1219
-6103 -5203
3480 1646
-4867 3578
6218 -2185
-2069 8823
3137 -2020
1149 135
-1898 16323
-8835 2346
1394 12289
6599 4298
-7673 3486
-8392 1686
-8082 -742
3969 -3473
10173 3357
3879 4811
8147 3934
10470 6640
-4069 -724
-7411 -1270
4025 6005
2425 320
16719 1971
-5602 156
-2828 15616
12698 11890
-29463 3675
-3260 -5639
188 -514
13106 -5785
20413 -3456
-13022 5623
5569 15979
-5785 2339
8328 -1611
1798 1636
-1635 -1725
15158 2759
-4556 5553
6967 10543
-1449 -5601
-4480 -1144
1397 -9085
