38 55 3200
83718 57507
98638 52322
74775 51280
53371 47087
97297 66325
76425 86233
52202 93784
49690 81166
51715 74848
98623 89441
62569 57357
68224 92440
98370 67497
91379 46937
91305 61076
59510 94511
56782 80602
91695 97274
63562 81462
49491 55882
81898 79051
80997 91676
94157 64103
57195 94304
60253 68748
77710 89784
85096 96545
100955 74240
66806 81078
88194 58955
55620 87304
70010 93434
60020 94661
97132 100109
83119 88646
57484 105120
73379 98950
58728 63016
82317 56918
98099 54474
69707 53085
56498 49295
93648 64457
78767 88172
55617 96424
49488 84135
50558 73210
96661 91907
60979 55335
69385 93256
96011 74948
89426 50594
93813 59720
55121 98617
58889 86970
87997 95652
62659 85552
48487 57555
82945 80414
80528 96619
96483 62982
56675 94421
56821 74250
86918 84889
83577 93112
97310 79421
68173 83300
89279 57715
53060 85614
71224 95965
61424 99394
98171 99712
80779 88392
61503 99700
74268 93305
61413 61680
164 -4
-2026 -1652
-3981 -8391
-2773 1682
1466 4802
-2499 -348
309 -1645
-3001 -1113
-2248 941
3788 -4272
3649 -570
1918 -1255
-2250 3903
-489 -920
-710 -1093
2987 -914
-4702 3939
777 2409
-4395 -6322
999 -5063
-3367 -245
2252 -1023
-2393 3586
-1871 -150
2255 3317
2634 -452
7209 -496
8656 3818
-254 2180
985 7385
4230 1219
-1879 5441
1617 6985
-2371 4093
6952 310
-1942 -2104
-1105 -379
932 1540
3957 -1423
1398 3317
-1221 -1327
6519 -4197
7676 -2081
-2206 -2203
2025 4300
2986 -2904
2647 -6233
-1038 -2061
-1521 1680
-2768 -4300
-1090 -4831
575 -2127
-1094 -1146
9211 7706
-1896 4219
