31 104 5840
42659 50388
94447 90690
90389 62020
91488 64006
76376 42555
44353 60087
70216 68365
73927 66262
83453 51906
88399 67842
63957 73102
79874 75616
93771 106789
58087 79145
36769 66713
54584 49154
81514 71409
46220 63991
99938 62042
85578 91592
55674 74603
91462 65911
73376 85885
52610 76932
87780 96954
64149 62049
79178 74272
101138 67230
75378 63434
95180 87088
93677 50405
43196 48822
86760 88522
96895 53353
89477 55834
64493 40386
49982 61503
72399 51854
74659 69388
78352 54872
91561 77566
59639 87366
75259 72211
87013 99982
65700 78337
54392 69906
52457 51643
77611 93440
41506 70449
91436 65692
80011 80626
58462 85051
84555 71381
82032 96134
50135 77265
85190 90944
78548 66209
79417 66763
90320 58671
71724 65067
98564 75416
93467 57736
-3159 11418
7247 -3105
5687 4349
-4200 -148
-2716 26
9679 -1245
7837 8577
-2273 -7863
3409 -3240
-3619 3985
7486 5749
-8895 1152
4640 2679
-769 1038
-7606 -15702
-4906 477
-9127 193
5211 7762
127 2350
8179 -2434
3852 -601
-7023 -2362
9157 -3658
2915 -7253
-1727 6788
-7009 1368
7939 -1121
-11637 -9940
4094 -1571
2499 -5711
2928 -1129
-8092 -577
-11605 -873
-4059 -6359
-3992 3333
-1679 3114
-1896 744
7686 -3076
-7197 -291
12756 270
2241 3655
13024 -6694
-9563 -7046
-5623 2342
110 6784
10304 5057
10696 1771
-1230 1811
5773 6718
-858 -486
1497 -4475
2158 9995
17832 1681
8491 -10039
722 -2316
-851 -10539
13570 1990
1300 1994
7968 402
-2066 -2491
11845 -2714
-4679 7224
-373 1187
2988 -4599
-6793 5351
431 13731
-379 12550
1975 -3992
-4391 -2102
3103 6771
-8641 1058
6896 -2377
4280 -80
-4650 10968
-6658 2462
-4475 -3511
3487 5939
713 -6312
7398 -8752
-5424 1639
9707 3663
14655 -3089
1148 -3326
-1066 2978
9444 -2047
-6225 3622
152 304
14730 5795
2141 8030
3734 -2762
6627 -6622
-5731 -5188
-1479 7558
3465 3911
8938 -3826
-1416 5117
-25 -8838
-4915 -3428
7343 -5779
-5127 -1619
-3413 6410
3476 -1939
3921 -581
-9838 2542
