75 166 3497
43596 43906
51109 46954
90398 71888
62835 41156
44639 67549
45259 86301
69444 87401
35100 87361
99525 74311
77637 57240
80023 65460
76771 80734
27758 84043
75949 84439
53026 89779
37088 45306
74733 40748
82718 70440
68558 72349
90595 77472
57880 45130
66727 56995
69651 39061
94741 46487
82038 88747
83629 61601
27218 73961
89029 85537
70653 95530
65649 84259
87167 60746
25043 45456
50292 61279
53881 46357
74640 67756
95189 89493
81052 50494
69844 69889
91443 71893
36242 65970
39975 62549
47831 89474
52958 75105
65766 78739
86955 34145
90818 96234
93882 88329
58380 51261
95681 95697
31790 41226
51447 41081
47253 41792
64960 74167
74629 41395
85942 34833
83391 95688
95026 55331
28077 53286
93064 101494
73610 40253
66695 73300
83454 55189
59754 38073
69213 36837
76394 96836
70076 62783
58517 66856
87477 78966
56908 69133
96287 40655
86056 62544
82074 65672
72382 100944
96752 56099
77138 76428
49521 44626
52826 47869
85450 74537
56649 40310
49549 66494
44751 79807
67188 88879
38666 88127
98633 68088
70549 59380
78166 68370
71946 86187
30294 77832
75662 81369
51936 95590
37507 44186
78380 38159
82410 70219
63641 71082
88760 77069
56563 47402
64596 56457
69821 42898
88664 42138
88227 88515
78110 66587
29479 67288
92040 87865
69104 95810
69176 84373
87588 63520
30118 46138
48184 59717
53047 43918
71118 71641
97135 91850
84849 51793
72596 74641
94840 71703
33774 62024
48074 62110
46394 79076
49019 69910
68714 73518
90730 35223
99167 92695
96370 84176
58604 55889
96295 96146
30790 40670
49214 38371
53615 39572
69835 69817
82885 44934
81146 39014
87605 95597
95238 49309
29548 53979
95455 99240
71770 42142
67494 74397
88831 57385
63023 35333
75204 38107
74057 97945
77266 58242
66629 75049
83964 78339
56119 68417
98569 36098
92440 61039
79967 70786
69470 95732
95925 63239
72243 78574
-324 458
4281 1641
-5393 -4711
-2190 -892
-3188 -7013
2219 -1026
-7871 1625
1121 3618
-2000 -929
5164 2789
-354 -6044
-1777 -6934
1915 -2395
3999 1826
2893 -6721
-4292 -5742
4856 642
2954 4024
-3216 5162
-3241 3583
-809 1192
-3419 -4299
-766 -3848
-2067 -6622
-447 1928
1714 2656
2467 -2122
2796 -1272
1961 -4873
8412 -5725
-2379 120
1180 4283
2329 32
-2457 -869
-2231 -4208
1537 3322
-1871 -1977
-5670 4381
-2973 -201
-5767 989
2140 -957
1457 -8439
272 176
1325 -3997
55 1085
-5871 491
4234 5835
476 2161
-2216 -1791
2507 2927
1938 1001
4857 -4287
5637 1476
3343 6116
1685 -3464
1825 614
-340 4798
-6095 -1759
-3800 188
-282 -2769
-318 -3498
-4753 320
-1854 236
-4867 793
1364 -331
-3692 2610
-2900 -1229
-5116 1732
-2803 -2649
6931 -2069
-254 3856
-3278 -947
-5933 4199
-6560 960
141 -863
4086 -343
-942 3737
1991 1591
928 -1187
-133 -1371
-3773 -9339
-713 -889
2132 -1293
-3601 -1612
2283 1914
-733 1358
-594 4076
-2003 1226
-1478 713
-658 947
-1720 4971
2291 -2391
2277 -4987
-437 4101
2654 3461
-4724 2145
3042 1571
-2627 3975
941 -1928
26 529
-3055 -1871
-598 2016
-1626 8162
-6607 -3815
1153 794
1888 1580
348 778
-662 -1369
3525 4653
-1685 -1367
-2302 -425
4642 2142
-4125 2540
-4575 -5176
1046 -5663
1906 6443
729 -891
-767 -3265
2742 -4425
709 -1442
-3993 7891
4213 830
-5268 3502
-3047 -5883
37 -1140
-4132 -6933
-162 1964
333 2375
2281 4823
-2045 3154
-4971 -5958
-3322 4754
4239 -698
-746 2535
321 3406
-3427 1517
3287 -217
-6006 505
5426 -3557
2594 -6310
3235 2000
668 2501
138 -169
3387 -1072
-6267 172
-2924 1786
-868 -1341
-4002 872
-4541 574
1174 1803
-5819 -3618
3048 1527
-1345 476
-3559 -1863
-500 1318
-1406 308
-4583 -3243
3138 594
7555 472
-10222 5345
-10817 -4264
199 1103
-630 321
-4072 3652
-1655 2024
-6179 1632
