85 329 8605
46408 64946
89854 34912
25987 33576
73352 60112
27341 12831
54511 42244
43727 98457
53387 7413
49506 70944
33512 51507
17791 106045
94310 34143
46661 60588
27204 24792
46759 38718
51794 71372
12558 50345
62665 73334
35172 77320
25325 66572
84686 63975
34992 80276
62859 72631
77379 54125
82047 28233
29883 35084
38738 79195
44806 69641
13941 1
80473 91332
49560 21694
70866 20339
51548 77090
48333 20921
93922 63831
58233 18344
109302 16535
63954 26701
53388 55696
94283 100767
34188 35478
84248 45889
72366 28434
77034 50181
14032 77613
74587 34575
48689 58898
8006 72437
70138 13014
1 53555
44670 67702
35860 1354
39536 87000
31299 25003
55898 61459
112527 84666
89194 61570
43228 60723
49679 66098
78389 99960
75570 67706
27811 77668
16168 87383
77436 51312
83886 58885
63863 57323
13024 52771
85702 93025
44112 79143
61087 85797
1125 38846
37536 60793
45133 26537
80963 91370
39295 9710
58600 96208
22063 56987
102564 51429
27215 57706
75699 90068
65292 41898
33037 34840
47357 59373
19796 32530
85358 98803
36370 60330
88295 29339
29937 23278
75796 51932
12633 16856
53557 40906
46537 96505
43504 16460
53011 59206
28533 56304
16539 93178
95303 33796
37229 60950
29459 27871
65702 52616
60123 69933
17965 38992
62559 74827
30568 75837
36241 61836
79813 69427
28720 86532
54954 75111
72827 63513
89792 20236
30171 44269
36583 73651
56878 72428
12938 10912
89341 91206
52964 27776
76750 13263
55849 65315
51646 25767
94980 59534
66252 30104
87305 20886
45694 30233
58634 46765
81352 94095
24617 44200
97582 45497
67104 25964
75004 36373
18964 70726
78752 26682
51212 64362
16324 56596
82928 23302
11677 59592
50245 51139
38694 19369
50770 90048
16699 28444
33477 58068
94445 78953
90101 45846
40172 77261
42042 71049
74624 96691
69235 70790
19741 67508
19465 84973
79547 63433
86266 56382
61796 55415
10985 61575
83552 78479
37750 80964
78422 96835
12469 36614
48883 61926
54560 23610
71875 82795
20996 15345
73918 85654
25905 59075
86110 40510
14424 52703
83903 89342
61172 33248
34393 35749
40363 52374
28888 27870
80084 97364
-3525 22828
-2583 6809
4562 13139
14075 -4619
4213 -781
-913 6059
9119 -17371
12496 -378
-10939 -3464
-12492 -1954
7850 17463
-5388 9384
2611 7234
857 13907
-771 8595
1681 -14022
11541 7350
-3194 -7681
-6478 9270
-5975 2252
3335 -19421
6753 12427
-8628 11824
-127 7920
-7513 -10179
1925 -1903
-14947 -3360
9756 -6921
-3483 -2282
7354 10110
10526 -7287
4595 -3094
-10127 6489
12496 9728
-5541 -2218
-14533 11615
6123 -4683
3360 -6972
18402 5890
-2441 -4596
-2444 -8317
4695 -6614
-6884 457
-6777 7950
10826 1671
-2280 -774
3564 9601
-2762 -9031
-5845 208
-12201 187
-4925 14568
11956 9597
2420 -2116
-7587 -2411
9200 5233
9188 3151
9956 3830
-4052 -784
12435 3178
-12487 -5808
-5877 -7312
-16121 4433
8932 -6270
-7963 -11225
4280 -7554
1644 3329
-4739 2433
-3028 -3093
845 8597
19762 137
-7132 1966
-2537 4313
4010 12296
-4085 14866
-8236 -17184
-9831 9590
-21405 -17227
-10359 1691
-1904 -9316
16928 -5854
4060 -6025
-7265 -5405
16230 -2363
-3156 -13296
-2599 14439
10856 -1115
11 -19221
2206 -3091
6474 2936
11996 6980
10525 9670
2251 -19373
2145 -1162
8464 1935
-816 -4108
12465 8302
-11528 -66
-2309 -11329
916 -12545
-3815 -4158
1615 5443
328 2435
499 -14465
2250 6435
1576 5991
-7416 -8787
1210 1215
13068 6000
-21676 1077
1881 3494
7813 14901
2556 9728
-1 -4200
-9203 11649
-7567 13972
-16541 14050
6705 -16342
-7196 20170
-5199 -5107
-8232 8511
6420 -13437
8470 -9199
-1259 -4743
21041 12571
-23198 8545
-3696 8998
2851 18193
-14805 11054
-1783 8132
12835 13963
2885 -4606
22389 -3703
-7532 8568
7524 -753
-22709 4208
-6707 -13050
-16226 -9540
-2692 10021
-14213 -1786
-3785 5917
-6792 11171
-9754 661
11815 -18055
-14802 -3295
-23034 -6401
-13032 1072
-9067 1483
1839 -791
8992 4038
6269 -1212
5515 -9231
-8530 -7142
-4002 19695
-2394 -13298
10758 -1530
6551 6876
-5460 -11882
-370 2815
-6842 -10970
5185 6371
-8035 -9498
485 -9074
-10214 3551
-9516 7742
8568 8235
-209 16225
-8134 147
8852 -832
-3807 -2780
-11922 19
-1975 4647
-3072 4538
-5688 -6713
8864 -8277
2011 -4290
-7778 11388
23449 7672
2332 -10174
8354 5030
7885 -5393
-2164 -5214
14864 -4567
-8896 3993
-282 -12279
-7972 1600
-9220 -3851
2913 13403
-3599 3407
-6175 -4645
-24234 5932
-5953 -12386
13249 7729
-9311 -7340
3429 1351
1171 15867
2375 -12349
-5028 -2593
8482 6920
-3111 -4789
6575 6499
13215 13570
-17447 3637
10136 15635
12187 -8967
2963 6587
-5866 -342
-3059 11725
-3085 3507
-13783 -6078
-2393 6854
-3222 12188
-4823 9377
-11932 4498
-2617 6294
-11199 7316
2092 -5007
-7624 -4756
13008 -1117
1873 -482
-6384 8223
-19070 -12317
848 -6058
18958 -9007
-21516 -2334
-9042 8200
7938 9575
3497 6832
-12116 -7768
1239 -6279
-12465 11482
15811 -6766
9837 -9308
13377 7197
6839 -3721
-1685 297
-18524 -9424
10496 2959
5521 11057
1144 -10061
-19936 2325
-2108 1787
-803 9670
12832 -4860
-6506 -3269
-5882 -4900
-6228 -10720
-7226 -8410
-3953 -10041
8974 427
-1469 483
-2548 -11104
4732 -7420
6813 -117
15871 1878
9952 1929
-10262 -3265
5033 3258
370 -8517
2817 8833
7553 -1952
4662 -3550
-1100 2605
-1107 -17374
-3347 3447
-6642 1599
5579 -5378
14693 8791
-9810 14801
-1108 3040
-4454 3854
12987 -8984
-7342 7418
12083 5806
-14909 13833
-1680 -7907
-7962 -14454
5652 -4049
911 -4709
8355 8087
7967 -1
-5680 -13742
-8765 -6523
-2379 -18615
-5126 2068
1077 3217
2195 9215
12652 -10516
1616 5353
-20699 9059
-7598 -1503
-7234 -13842
-10836 -10189
21915 -1848
-12226 1674
1740 -3482
1659 1587
7307 3390
-4670 -7604
14726 1790
7467 7086
10614 -4659
-17103 2161
-2683 -12847
7010 3642
-2586 -8098
-15276 -4753
-5093 -2852
8702 5425
-3319 797
-2290 4320
498 12829
1157 4896
-10111 8050
-2869 -2817
9133 12661
4500 -6768
-12146 7382
2581 -31257
79 2690
9721 10235
-11374 9469
6754 -1574
-3925 -3217
-18937 -16639
-18068 742
446 -10584
-10907 816
-19042 7526
8320 1359
