47 106 4191
61086 95787
55719 100394
89501 78081
56933 96095
91553 67950
56650 53516
85720 74214
81166 50838
83117 47438
50592 68549
83532 99000
91686 70323
48607 54101
55834 41929
49795 65177
56873 80174
94356 54985
69144 103172
95243 84796
49725 73323
55648 64236
94987 71664
70243 101910
51081 49779
86637 106712
71536 63037
99344 52649
58493 61334
66236 44860
69837 104332
50207 75976
91204 85113
91134 82435
93506 49605
48590 76840
51381 59907
69971 78686
40360 91461
91275 83562
58556 83718
89616 87774
83101 49636
42722 46947
94646 52279
81542 95478
75224 72820
43275 52334
60918 93979
61361 96452
92077 73271
56970 97812
91590 69875
58591 55026
79577 75791
82930 48651
80980 46428
49249 71456
82999 96843
88250 66750
53901 56146
53955 44657
46729 56375
57893 75047
97531 63900
64734 97709
91065 85937
47075 73486
52183 70345
95347 72553
76084 93744
45213 54058
88966 97855
75532 67069
99479 59725
63338 56930
60852 46638
77665 99356
48788 81089
88776 86272
86690 83402
93423 52096
50770 68193
49904 59192
63802 84739
46223 94196
89422 81200
54841 86121
97285 89369
90796 50140
47840 45459
87625 54844
79564 95154
77519 73082
46157 52227
-2505 -8303
4892 1670
-923 3465
3820 -4280
-3640 1922
363 -59
3750 5739
20 -1166
-5592 -2420
1706 -5348
-2599 6883
5209 1155
-2183 -3480
1150 2205
-8076 -4220
2801 -724
-468 -3089
-32 2707
-409 5177
554 3726
-727 1105
-3532 469
10011 8038
596 -2421
376 1236
2733 1905
2861 4983
9030 -2190
93 4893
3317 193
-3227 -4462
-6026 -3824
-1396 -992
-3502 6435
-3604 3618
-4739 1948
3206 2751
-4242 -1461
-2483 5638
-4302 -2863
2304 -3290
-259 -328
916 -1377
6054 103
91 230
2664 -889
4010 5024
804 -4039
1379 1428
-5354 1347
1045 -3942
-4213 -5322
5717 120
-246 -5408
-4028 -2186
1847 -1061
-7457 4470
4796 -4050
-3464 -4329
-4962 1566
12720 -2191
3172 -1620
1226 -984
-3443 -1396
3412 -1314
-8489 4148
-6730 4855
-4927 7418
4104 572
2882 1744
649 3882
-1997 33
-665 3204
902 -2103
-1685 6124
2461 5286
-6288 -5772
-4420 -169
-7951 -2404
815 -5009
445 1531
-9208 -2954
-6073 -4707
-3388 4505
-226 2700
1268 3501
2916 1051
-3775 -6620
-4301 -1254
-2569 1178
-1263 -3544
-2575 3406
3418 -1925
1533 -4487
-2724 -7179
6907 1260
-796 -6291
-1901 6586
-4144 -2385
2123 -5521
-864 -3087
7955 -3537
599 -4816
1921 4877
-2348 1872
1958 1770
