97 52 5715
86107 94986
35008 47526
50271 59068
47641 73283
17240 77939
25376 49183
36433 51576
62940 48019
74084 38646
56725 17355
76577 6316
56518 65747
26289 58160
98812 29357
29696 76678
56457 44458
80536 71776
77815 28505
74152 68428
86006 50244
71824 40274
65817 26131
71222 49462
35484 70913
83193 88685
101383 50327
22574 65733
8564 104779
41049 102022
26097 65578
65509 50702
59529 49321
38373 63920
56164 23896
25932 94305
61113 96719
32178 14735
17382 78558
66232 28678
80180 67643
19838 88211
19899 23218
30884 46664
76065 54050
74134 55824
53920 17525
61833 74245
74887 17356
25350 38588
18614 16922
33584 75040
82306 17348
62299 86685
62807 85922
47121 19657
28320 81689
90365 64056
99683 35469
42160 78876
40664 41547
32972 34904
103412 36807
12625 32138
42299 95830
24865 51156
16929 81936
50168 35948
28522 58281
98102 64719
86069 76609
24807 6984
67310 36982
83021 93581
27101 22019
71067 14156
86633 42873
39590 15545
90433 94160
22580 53849
55830 74334
58775 96265
17341 61527
43813 33070
96499 64379
88261 15707
54838 14721
25436 24441
18849 89612
20010 93199
25454 47894
82208 45349
101523 91040
67184 75004
80866 27442
17255 52901
25978 43150
56966 24420
96771 91743
34468 52125
48593 46474
38632 77832
20582 77821
28855 49354
33604 52437
61214 45124
69947 29466
55876 17023
70971 14651
61446 64750
30894 47554
92111 20938
33969 73795
56818 45166
75327 77710
80754 37761
84025 70287
88362 52803
64600 36705
70712 31808
73380 54619
30439 74917
92874 95208
98336 52990
20506 69041
16936 97174
36378 97767
30927 70099
72163 47302
54090 50826
43444 68405
61104 16348
23304 94246
61143 95585
24574 16718
22994 70946
64494 34232
74293 62739
17642 92860
18807 27910
22793 43248
82911 58590
75645 65661
56916 18034
62815 63768
66589 23192
29627 40657
13336 17805
42030 73902
81877 12867
60027 99090
69685 88317
51055 16700
36375 81807
93974 65924
98456 35833
50882 65638
40330 42592
37821 31232
99493 31340
16663 33274
30373 95736
17333 54062
24759 80578
58124 35942
39756 58300
95819 64964
79006 68553
38161 16574
68708 44064
88943 96511
30770 19264
66074 19359
92807 41224
43177 24093
88474 81693
24941 53443
52738 69508
60479 91773
21748 60974
45009 31757
99200 58028
89888 14778
54467 26575
32083 27900
20091 78886
13326 97923
36618 52761
82986 45835
97537 89867
61886 83408
81595 23826
24598 56981
29679 56098
48858 29982
9025 -11673
-6728 -557
-244 -5262
9486 6460
2439 -2676
-1443 -7925
-4891 160
9174 4502
8658 -922
-5207 6231
-4184 -2640
-2071 5145
9049 -2075
5020 -1483
2202 1732
3619 -4970
8358 5140
1123 3378
723 326
-5246 1734
-10936 -3261
-11647 5527
3310 909
3782 -4044
3618 1953
5222 -1655
7023 -190
-1067 -1554
-643 -10584
-11755 -8297
-6552 4463
-5593 -1797
3192 2364
-4158 2527
1281 10014
-10782 1802
9183 2291
-747 3505
2250 2770
-6060 -1193
2303 6240
-2931 285
2650 -8629
7821 -4021
12643 -6243
-2594 -3053
2149 764
3908 -2724
2871 -4891
2118 112
-5706 -1818
-1368 8635
