75 156 9097
89288 41491
61435 26815
8325 75293
63636 41226
36767 15732
68709 83768
59148 43118
105776 32883
82461 24843
78318 59897
59503 7539
25175 24928
83375 11009
62530 90103
10728 33628
74529 63228
5049 41364
58242 29232
81135 37929
52849 15661
57884 32056
85266 92313
69544 25788
29013 44248
20997 50126
37130 71291
40259 68259
66810 41669
51606 51538
79347 43369
81144 60242
91826 31333
90098 67729
77587 1
60163 77880
93224 30427
81627 34571
84551 15116
17550 47896
81566 108060
77807 24766
48592 64769
109671 50214
17158 43785
24419 65458
46168 59783
53640 61786
45075 24110
11255 79163
10843 6453
94884 58692
47626 32497
20522 73595
98553 30252
88062 48972
11971 8192
9116 68009
53807 71803
33619 36697
97223 2171
80386 81550
72778 53285
35831 87639
5004 46954
88065 25244
55172 5710
98500 74981
25790 75155
62481 49380
49293 17102
19371 26026
28351 63753
70910 32055
72810 38105
38390 66543
82618 35670
73511 26708
25125 69222
72270 34894
31316 26944
58932 81754
43974 49552
92334 26393
95412 14497
83264 54661
61200 15254
17575 32407
94420 17207
81131 99677
20912 33286
74634 57402
20505 43822
56607 25210
88919 28065
42701 10758
52688 40960
83636 99683
54929 22950
27362 40346
25314 44912
31776 66888
41779 70981
69232 36922
45470 46994
78655 58897
89541 57300
97643 32933
90278 72539
75967 22860
59609 78047
96984 32495
77559 39168
88587 17620
12303 40992
70932 97816
74546 36286
50174 67881
89059 32199
18880 29985
32470 51706
30387 60091
56731 70115
46109 44232
11906 68729
14438 10681
86150 66127
50666 22668
26632 71294
96122 48139
81902 50974
17096 18994
23580 58874
51349 87689
37784 53838
93206 13115
69253 81770
75455 58277
26128 94658
12314 46072
94825 22358
50498 18256
94785 79395
25320 81412
68237 51308
43596 10812
13865 19966
38634 82140
71478 38366
76388 35980
26415 62743
1363 10546
5142 -148
-6253 -1123
-674 695
17796 8272
920 -15210
-4311 8847
-7795 2648
1130 -1059
-1151 6622
12347 -3878
-4154 -2492
-12689 14185
-15915 7341
-26651 -2116
1594 16829
8329 -1587
-15322 3200
-1648 -5485
-3221 2129
555 -91
1974 -1460
-5486 8966
9202 6980
3898 -6978
-920 1231
11947 -5999
10531 7005
588 -9119
23624 5709
-7716 -12200
-12259 2855
958 -6230
-11796 -6663
-10489 16556
-10517 -1382
-7327 -8789
-1693 -8356
4070 3679
-9710 7268
-18266 -1885
9551 18395
-2105 -14878
-2587 -5893
24624 -14127
6864 2270
-6259 7682
-12005 4026
-6805 1784
-2168 2363
1374 6829
17768 3797
4993 3445
2457 4782
2888 22312
19831 -16113
6878 11889
-23391 -17379
6639 5020
-3939 -8859
-8895 2210
-1458 -20870
17278 11551
19121 -7783
5243 -5138
4767 -1670
14932 637
-8656 -4840
-3881 -3398
1674 -2265
-4838 14033
-9720 -8896
-15615 -3890
-19147 9857
-6775 2345
-4386 -18166
-1415 78
-11421 5786
-11478 -6252
-4160 1655
8135 3138
-13698 5940
-841 13018
2638 -845
1929 3135
-19753 -18904
2059 4600
4797 -1415
-2988 -7262
-2952 7897
-4064 4703
5594 -6988
281 5986
2956 -5557
-14246 622
-12905 872
4539 -2434
-5671 -7537
18634 -4734
-4471 5058
3757 9874
7626 -4349
1063 14818
-898 -10225
-18761 13634
-4961 -38700
9206 1932
5236 -8435
-9935 1205
11441 -15335
13563 -19896
5403 14490
2073 4786
-6868 -1148
2277 18408
-16097 -11160
4410 4383
-19805 1445
7288 3975
-16334 -814
1366 8720
-1310 -5815
-3374 -6416
16489 27839
2391 -4157
2164 -2013
246 9013
14963 -2633
-9661 1373
28248 -2177
-10730 8432
9613 -3782
10656 -2958
10298 6576
-6388 3281
-4882 -10984
11011 -13674
-5582 -13999
-6552 7157
-7551 5356
-5193 -5929
-8569 -1414
4039 -11706
1352 3739
1169 20210
2009 2720
-17240 -16285
8623 -3607
-7705 -16666
12289 -11033
-11990 829
2590 -11710
3166 11650
-7593 11481
-7487 -8589
8866 9562
