39 59 9226
59561 41536
100276 40910
70120 85723
99383 45186
35861 58040
99361 67530
60449 93020
40425 40713
26521 54183
90947 55130
21045 71542
106459 100251
87117 60905
79629 112924
62801 24286
44409 70438
95360 91410
101946 100587
47535 59012
63077 33512
75061 44863
106567 86295
40935 39508
84681 67025
31181 56880
45980 94811
82001 61511
67388 60081
22982 67594
78648 83439
107407 48961
59796 71428
15182 30720
76256 104204
71937 42078
73085 34044
88239 21599
30244 85685
80873 73077
47768 45031
98673 45489
73908 92937
88604 52453
40678 70812
97856 68968
62872 99721
38433 62131
30480 44028
87684 41334
28991 67074
99827 96477
99040 54283
81633 96421
57081 25689
60698 71358
91588 87304
93490 86031
48838 56472
59933 28790
84865 54786
92537 92271
41325 40443
96551 64115
28119 47973
58073 96183
87599 68162
60009 61006
25796 57146
81092 85623
92308 49464
60523 56179
25521 37736
67524 89858
77421 37329
90470 26827
95647 27768
31415 90747
88660 64601
10532 -1062
-10363 8822
-582 -2924
-7832 -106
-8446 -9098
17035 7549
6142 -6817
3150 7890
-13617 -2810
2506 -12032
-11261 1941
10687 1319
-1026 2525
-7018 -933
-4528 9724
-12395 -10472
11979 3752
-1577 -18742
-6134 10433
-10178 11183
10710 -1045
5493 -15999
8929 16732
6001 -8600
1338 14755
-6414 -18300
-1475 -4310
-13161 -4577
1716 -1672
1221 -209
12992 1758
1761 5591
1151 1353
-2697 -3999
-2508 -3286
-974 2413
-1445 2063
0 17462
-9118 14175
-3451 -8430
2797 -8471
14691 85
-2289 -11986
-4614 5563
-12737 621
13855 5098
6690 -17154
1696 -887
-7180 -5180
29977 -4052
-4084 3068
14962 4397
9797 12979
5720 -2377
11418 -8291
5163 -2266
-1546 10054
17976 3504
4840 -1833
