79 98 9803
78779 43195
91147 86441
68087 75960
94277 38559
71075 28735
74684 69669
51538 82971
38658 62398
52641 92229
59568 58035
83833 38540
45712 71562
74536 58950
91695 84820
67282 36738
72203 49928
93375 51877
70081 95800
30154 76884
99078 90489
72437 48347
89363 69900
62675 70870
91740 70930
41641 99747
84420 68107
74449 76601
26294 64921
57021 108156
80024 56871
99741 87225
68683 83062
60563 64041
103538 55208
65810 80242
47736 67342
106288 74729
44785 77527
53051 51926
90485 76620
67604 31424
83641 46923
83293 92117
65329 90556
58933 57212
51170 117980
89031 92059
55968 52235
104894 102964
34031 98198
47467 65957
60852 73528
47405 55362
61094 101220
64307 47745
111564 69049
100454 64927
44118 99931
72449 45910
84704 85128
65895 59901
42993 45236
76900 42651
65856 78570
42546 98088
108720 67348
30148 103409
71876 104084
68122 53388
74781 49671
52520 89449
97712 44290
72391 76689
34544 105506
54625 29646
80273 31557
88078 77172
81141 80324
74618 95091
89967 40215
84515 92289
74366 73168
92961 51370
71268 37977
83701 71461
40060 67083
49959 74884
43860 98275
83195 61866
81844 43872
43441 68725
75366 53712
95000 85512
84779 41191
78196 57043
98583 65894
63450 97467
45106 72122
99567 87022
75149 61410
72928 65840
57891 64558
80469 69620
41301 95677
72749 82394
66043 81290
38617 61386
56400 96712
70675 75281
93636 93752
74828 70764
58748 66835
97933 49357
78794 68405
39411 59011
95636 78781
37897 70765
74890 63991
96323 65545
74077 39933
72644 54048
79156 82404
56555 96757
55015 68736
60856 96160
88196 84467
59704 57789
98454 90637
39103 99074
52363 67216
62345 60167
53075 48012
66221 94845
63697 52823
90729 67594
72267 75183
42262 98706
83793 60587
92592 94808
62659 41218
47814 58531
83840 44760
64542 85947
62716 95246
95134 66596
46012 97231
95944 96738
81064 40092
89472 62598
56343 90415
97726 38071
60711 85897
53725 99803
63480 43900
72818 48290
77789 81711
87959 64957
78237 94197
4044 5442
-16157 2358
-3242 -750
15637 -7412
-12121 9950
-1290 -9109
1660 4598
-3559 -1320
9331 15247
17271 -10250
7276 6735
17665 -5409
-998 8205
-8486 -3407
5280 23562
1670 -6018
-800 7312
9289 -12732
5818 -1897
3590 -1423
-15963 -11386
2040 -3642
-12070 2230
4158 2757
-10440 -8025
-2548 4609
-17518 -16636
-1777 8703
-7993 -8850
2691 3738
1488 -4369
-7262 4284
-893 -3079
4967 7891
14835 6132
10369 -4215
21119 -5574
12844 6183
17420 3884
14491 11797
-8098 -7246
7245 -1828
7779 10378
-15492 9251
8227 -1013
-16847 5545
-1175 9353
-735 6031
1288 18890
-12329 1474
11287 -170
-1579 9838
-7311 -12727
-7513 -1693
14222 -3256
-224 -11084
11000 -143
5549 7767
7482 2807
2626 4939
3082 -2054
25406 -209
-12223 6570
11315 -14369
20963 -15095
-5199 -5131
-5818 -6188
10757 -11283
-31424 12971
-15617 3274
-20611 3290
1980 -1250
10749 3324
9792 -2772
-7067 -16792
2292 -2875
-16955 335
8850 -16575
-9428 7647
2322 -14882
7546 8030
-8006 5619
-767 486
-853 5753
10947 14086
1015 -2855
-9369 5325
-2426 -12369
-6167 -9905
-11469 6908
-7454 -6834
-18910 -21488
12373 -15620
2032 10032
3433 1182
-7134 -8405
-7150 11434
-10352 -15721
