54 153 8602
52880 87029
45004 67534
75471 104533
33825 90141
73209 74587
23649 31344
81833 17755
35174 82113
78295 52277
78112 43537
67781 62529
43742 83857
58685 75439
74405 32741
89941 37414
71737 93905
84139 60483
83854 61393
51133 33007
80385 37163
43045 90788
67860 67150
33508 98461
34368 74204
81945 38855
60393 36074
55684 61624
67983 74445
58976 54540
67982 66368
103854 94058
73155 112389
31375 103860
47794 40951
103882 87153
93022 76800
75609 49144
71999 32299
88826 52488
10280 95793
17942 40627
53345 55874
70176 48890
58733 48617
16663 72565
51567 87599
41195 37170
60541 94017
88343 91639
57151 93666
98867 91236
81245 57691
65200 38522
92883 66650
47502 99794
43120 80287
74346 85051
39220 87063
79203 84681
28327 31405
78190 38854
48007 89518
78098 58757
68312 56436
76208 68545
38085 87184
71867 68208
75947 37528
89990 34725
66037 79667
81133 48106
85014 70005
48120 41352
92166 47448
59384 74457
70978 60981
30164 91777
44054 72485
73992 35231
69059 34823
60229 69532
79609 59530
42436 71888
75358 70380
95398 87482
67948 85140
31645 97210
44814 31914
94262 93997
85115 74464
84902 40206
71908 39271
99284 33155
28785 92175
28334 40126
68140 62188
58231 43268
52982 40073
28613 81878
61931 99565
51650 37036
52366 91675
96486 76635
48319 90516
92339 89701
80261 58128
71171 44801
80909 76797
8023 -4383
-1536 -11101
1818 6275
-3484 8758
-20362 -1807
-6758 -7801
-8180 -6715
-7151 -15484
16899 -1865
5145 1563
-682 -8615
1593 18992
-3375 4216
7568 18695
-4054 6613
12898 -8119
-6724 3163
-92 15454
1125 -1778
-23308 -344
5210 8483
8287 5311
3811 15455
861 11944
4721 9225
13858 6065
-3338 -4510
-11124 7820
142 -12958
-1915 -4523
3591 -7555
-1713 6935
228 5332
4052 -4416
-6041 -8499
10156 -1126
-4066 -551
1105 -5876
8097 -18205
6323 3100
-9719 4139
-11996 -20717
4028 7956
217 3110
-8769 -11721
-7224 -5228
-199 2540
10401 -9258
-13232 13629
-342 3310
-804 -4997
8486 9793
-2595 8697
-4485 -2669
2081 -7592
9264 20813
-13463 -7170
7007 136
-3613 12055
13908 -2507
7485 -12932
6183 7634
6465 -1277
-4777 11187
4397 -5182
701 502
1938 -2171
-10595 -2287
4627 20816
11458 -454
-7237 5991
-1396 -1254
-6474 12566
135 -9403
5886 -7234
-5160 7905
-5281 -4472
-2544 -53
15686 -5885
2637 -8028
3030 22539
-15109 -7777
-1057 -5423
3058 7415
4122 8906
10145 1770
1134 407
-1304 2097
361 -4853
-4616 2718
-6620 1208
-6319 -6560
-6731 -23808
4114 18706
4491 -930
-12548 -7573
6482 -11449
13072 7496
1471 -7025
-10248 1115
410 -20056
-2092 15397
-5744 2627
-10895 -10586
9653 3538
3434 -835
-7169 -8405
4345 17806
-10110 5643
-9479 51
8718 2450
8550 -6575
1962 -8374
619 -13854
-6709 7986
4420 -5499
-1251 8312
1554 -19466
-3428 -3863
-8451 -8861
-500 10240
-9893 5720
9841 6244
-11842 15947
4219 -2711
12341 -3023
-8808 120
606 -299
-2847 -5336
8661 -1500
977 482
3308 9718
86 6928
1985 -5796
-7553 13182
-10759 -1363
-2591 -22193
9226 3069
-7050 -1217
13699 -9764
6290 -18125
4722 -843
-2793 -3851
-8652 1615
6920 848
4861 1496
490 12921
-22494 -10087
-13297 7800
2595 -7231
13238 -4068
-1288 -3751
4305 5275
