37 45 5780
45715 68162
78311 50700
92868 77324
75215 65641
66275 71168
78420 50578
42028 50291
78471 45662
72622 88604
40766 93267
66447 51816
73508 81382
56710 95879
62526 58967
72929 99695
72185 82622
79164 60909
65700 91472
79272 86810
70728 64751
70044 59898
45365 52548
57639 46398
63901 57955
56927 79162
83540 78481
79964 74508
85738 46540
101176 99123
74447 82600
43586 47593
76653 35520
86212 44351
92130 84708
60250 82787
41018 51240
47025 97248
45877 65730
88917 49262
94889 80728
79387 55574
74272 72912
72715 43005
45207 51447
79519 47968
74869 90581
44822 83352
65933 54234
80822 84908
50963 98681
62541 62123
64828 90192
64385 83545
81669 60724
65443 94395
72639 88929
75973 67031
55524 73959
43727 57648
62598 43773
58270 50738
53444 83515
89705 77388
84150 73236
83029 55432
99456 94640
77084 78074
48607 52123
61024 45021
98054 48969
88880 93987
68231 80246
43720 48648
47543 93388
-6198 501
-5862 2623
-195 7601
7408 2095
-4405 -628
3295 6873
20109 526
4627 -5981
2577 -2071
7214 5363
4929 -6686
2360 5053
1635 -1919
-170 3967
3429 -2485
-10557 1824
-683 -6786
3055 -3442
664 3955
-9864 138
-9797 4684
8397 2233
-4594 4208
-2584 8626
1912 -164
-6660 6564
-4603 343
387 -5638
6828 -1502
-9883 -4269
-10099 1915
-2677 12365
3902 429
-536 5050
-4394 -21748
1172 8218
-4996 3951
-4077 -6040
3176 -11841
2070 2480
363 -4352
-1545 -7595
-6984 778
13743 5253
-60 -4375
