63 81 1548
61282 59618
81337 43035
37271 35653
35636 58527
73419 67551
78665 22504
96370 39108
20509 32923
98248 33011
20675 46792
77399 81118
46589 64349
70214 44786
31231 81120
96223 28672
28468 81434
38459 41323
27505 36639
25412 58073
27529 38831
82479 55277
102239 81101
28797 61604
65904 52052
28362 67536
49503 44692
57346 40400
51300 38647
93641 79881
51391 78630
78164 32951
58860 73009
15762 48623
96560 19173
57461 86483
27857 80747
70579 21127
23080 44890
22235 59354
75225 67062
97380 41893
62207 85570
74900 74503
40651 34708
93902 35124
81990 70378
96791 51291
87785 24185
44423 28175
67737 65046
71508 27265
21261 64071
87038 77642
49511 25798
88363 71352
55285 70782
47534 16662
41292 64333
54136 72835
60223 70233
68420 30681
35114 61657
33681 32511
62381 58640
83028 43244
38048 35213
36244 57638
74951 66477
79371 19773
95219 38166
19024 34363
96829 31349
18735 48418
80463 83121
47162 61822
72204 43821
31766 80262
94249 27193
26044 84657
37661 41354
28069 37472
26809 56941
26282 36680
82256 56843
99163 78656
30397 61108
65543 52504
28094 68608
51110 46279
57531 39631
53753 34779
93587 81646
49857 78686
77630 31588
59555 71535
18483 48838
98465 18970
58561 87983
27513 82512
68497 19123
22387 46617
20766 59057
76261 63826
97157 42567
62056 86899
75452 77237
42282 35285
92559 35979
81553 69617
97024 50678
85335 25809
43845 26667
66796 64352
71418 25414
19400 61538
87398 79357
46434 25099
88182 71259
55146 70218
46198 17701
40983 65148
52286 73630
58626 71146
68885 29175
35674 59649
32266 31996
484 1738
4014 715
1329 1849
-1038 -1766
-1908 -2056
304 -167
-619 43
429 -813
1443 1341
-9 -1821
-1322 -376
149 -261
-2078 -377
675 -1372
963 -468
-2569 916
-1527 -2017
-1773 -769
699 -229
1169 286
532 1866
1198 -169
662 -1229
194 -1647
-1576 -1387
871 80
923 -1510
2786 -2049
-494 1348
708 -3607
1429 -2423
2513 1465
-1211 -2529
664 -1556
388 568
943 -292
542 -341
2714 -710
1933 1414
463 -1174
-1536 1027
1167 -751
-246 418
2128 284
582 -2979
2133 -2060
-591 -241
557 1555
51 -32
-247 -1500
-1866 -2193
-266 711
-1148 1515
-670 107
2541 -1649
1586 -1508
1612 -71
24 -1951
-502 2550
-1208 -729
281 -2659
348 240
884 489
-1507 -309
-367 -1076
-3692 -538
-2618 1123
-138 2035
-1750 2414
-2731 1283
-2184 -65
713 -12
-466 -173
2713 -909
-1506 -2228
-54 946
2260 257
-1201 3075
-1330 -1053
-50 -3646
1051 -1178
