79 147 5752
45540 76167
35993 82740
102089 46280
72152 80257
59127 56882
49048 39988
68830 43495
92897 37568
46935 25197
51908 53986
102987 52793
87712 69668
74617 83458
49037 48989
47035 77073
71175 100282
51341 81156
70738 58366
50740 55540
97067 92820
85500 75210
34647 89180
64888 64823
82864 84517
90094 65828
65141 92733
71611 77440
93903 65220
67135 49303
36441 87760
88668 44023
99391 84893
68319 109671
29419 64102
82794 47900
45972 55435
36222 63729
86144 62899
90954 62655
51918 67190
73667 101835
65570 33519
55689 46375
83393 37289
100360 55455
48426 78299
54156 77940
46658 56467
75257 83199
67298 98516
87360 73155
48785 47267
51595 76272
58240 80673
99671 39565
63296 99224
78842 71575
85488 51360
72546 62224
73116 96026
90128 55634
74272 74249
68186 57381
77903 97022
70999 85604
97230 101603
63667 72939
53176 98120
37697 49541
87826 83971
71192 28508
76402 93108
81315 82849
90124 61195
78793 53967
83616 83980
44696 76440
41225 98559
42551 88025
48524 75423
45736 80069
97342 45847
81904 83153
64241 44542
48732 42069
78393 47801
96193 37836
51549 38838
48208 49071
93958 50237
86920 64485
75461 79790
45585 46457
48603 76107
74109 98588
55585 84419
77114 50315
63613 57653
99920 92645
80040 78082
45442 88297
67809 74859
80070 78514
86922 68745
68222 92898
58040 75183
81901 59477
70578 58052
37835 93496
85311 38431
96301 75908
59033 93718
41300 59927
83204 46775
49029 52006
35962 60839
80893 64832
95227 69984
58292 68521
82300 97167
56954 43161
55932 38172
86302 45585
98598 50888
40932 81059
59842 86214
48621 53346
66419 79740
52469 92143
86940 74832
44806 42118
54737 85730
60629 89128
92254 42194
62970 89403
69524 74024
73746 52781
67996 53557
73847 91593
97463 61408
82362 72192
65568 65173
69319 91700
79434 89304
96850 96859
55299 73976
52642 93509
40223 54777
79705 94628
58399 37538
73534 97814
93307 68384
94615 63415
85323 50276
87036 81912
46108 79741
53469 97501
50096 96875
-3898 -5770
-2961 6125
1023 1156
5842 -5378
-676 934
-3489 1718
-14369 -4031
-10998 -2187
-2401 2686
10653 -4351
485 -13429
3260 11927
-7353 -5442
-8362 473
-7952 -4891
2362 -10809
-3742 9698
6787 -12950
1341 -689
-1031 2947
-4968 3748
-6090 3048
-2681 -668
-8058 2261
-3208 -3850
4690 -5090
-5777 -7034
-5485 -4039
1123 4536
-266 -317
2403 3020
9383 -983
2804 -76
3269 -8152
1936 -1539
10805 -7269
6967 3149
2754 5932
-6098 979
-11524 -2137
-7553 -4893
11596 5962
-3784 625
-8748 6909
-4814 7543
-1930 8656
-3466 -852
-3997 -7026
-5966 215
573 -11835
858 -455
-3727 -7240
-3290 -2693
-1284 1058
5411 9265
560 -5678
-3875 -846
-2299 9928
235 -5661
913 -1594
-9080 -2086
-1771 5873
-303 -3189
-90 4201
-10279 4871
-4179 1657
2740 -5543
4645 -2913
2868 -5552
-7323 -9593
-7627 110
-3884 440
-3325 -8452
-2808 -3639
2390 -2353
6985 -5054
3636 -756
-4099 14663
-1620 -2890
7527 -5017
4144 1507
-13121 5404
-3151 -4642
8393 -2011
-846 -3779
10129 -5109
-3766 -5404
-3829 2216
482 597
3909 1816
6395 3718
3798 -4862
-7540 3371
8829 -12518
4570 6925
6859 -2944
7258 3094
-2637 1451
5485 -5141
-3527 -436
4191 1220
2084 -8598
22 -1280
-5694 -968
10763 -7550
-2081 -11421
-4885 4879
-3669 10150
-3066 12200
-6939 3934
6575 3733
-3019 3532
-7228 -368
-2443 -8989
12516 -5465
-9751 -1161
-4100 -6900
-9042 -7293
11360 -2956
-6595 3493
944 3064
2780 14015
11946 -4385
6774 -1313
-5316 14091
4068 -1507
10073 7026
-1932 -5763
-11801 579
7434 -2686
10652 3104
808 -6435
-5415 3902
-3857 -7149
1738 -2447
-5992 4326
1771 7811
17834 103
4622 15886
-5506 6123
2495 -3174
12392 16096
3998 -2637
4403 460
-4212 12146
5977 -7667
1108 -425
