34 50 4081
95628 101865
64798 53056
88687 95338
57237 87032
94921 77595
84167 59236
77500 67468
57280 50916
76383 91908
95747 76600
62983 53304
96830 58887
101236 85871
42730 63412
66068 60568
97270 90961
66942 97066
98250 89076
52824 53389
55054 53556
79659 88874
90247 70292
65669 62291
85555 104656
73407 92483
67630 83232
92376 84711
72420 79934
85850 50747
94670 93539
72466 78559
47492 51784
102247 78578
82184 61988
96605 98771
59411 52660
84767 86823
60350 86017
99369 79674
90325 56865
81661 66603
59694 53941
75361 94110
98830 76839
65993 53464
96284 65176
99399 81059
51146 61251
62388 59654
99552 90515
61379 99364
87196 87210
54622 52320
55019 57060
76592 86089
89567 76957
63169 60076
82045 98594
81844 93368
66526 88945
91437 85454
67920 81901
80530 51141
98974 87375
75628 80235
50988 49455
94274 81510
81243 70450
-2199 -2176
-1978 521
-2122 -2592
-2957 9111
-7258 5827
4583 -420
377 -5205
1264 -6208
12659 -2490
3662 -526
2479 -615
2467 2542
-4078 1765
1752 -6920
-1903 1415
-6977 -4280
-4784 9429
-1493 -3587
6557 9831
-1165 4945
3644 3247
-432 -381
-623 2463
740 3663
6780 4525
-4213 3635
-3640 -1717
2001 2938
1111 -3056
1523 -3248
6280 1070
4486 -1115
-972 1044
5696 -6530
3849 -3592
-1974 -178
-5372 -8164
1235 3156
-6 -5111
-456 3340
2028 -4082
-2501 -391
-2042 3203
-4649 -5692
-5152 -1057
4249 1
-2933 -8364
-1980 136
-293 -8609
2331 750
