88 160 1921
20037 102727
64165 96546
93076 54287
50819 40200
18951 64161
23162 82427
30515 22566
63183 22893
81887 67687
99729 46833
84664 83336
86669 58585
29852 92326
87548 72079
75717 26677
33745 34677
87252 74420
19075 96573
40240 33464
54189 98257
24495 90335
83070 71987
48652 45859
101135 41318
18113 39403
83354 45809
46448 35285
96193 98448
37399 42172
21030 72524
25320 58565
37456 61411
63856 52307
70531 84128
61028 98054
61966 86508
28689 94356
23921 88129
49674 91995
26114 87639
90252 28361
20737 79262
97172 46791
85861 21066
74073 36312
100170 44803
32649 28621
58820 50766
65493 99202
27901 22412
31253 94571
42303 88026
58273 91863
98244 37053
42066 70200
56454 82268
23008 44057
61021 44223
22379 60709
32829 95841
26730 73791
58201 87794
73934 96410
92777 96528
40364 29836
55402 95930
41616 91881
19595 101661
46982 28638
68810 98460
89048 96187
85066 94396
22213 29543
61340 54519
63523 59427
27733 50687
74324 64036
44236 85390
66960 76896
94706 59663
95984 65044
92855 94742
36674 25312
48978 86871
68879 70787
56402 22779
75159 41159
69518 46889
21162 99879
65309 92360
90979 54342
49534 39236
20100 60957
19797 78410
30520 23579
61729 23147
82687 68586
99472 41765
81739 84687
84786 56850
28369 92085
84356 70498
73675 29859
30543 35421
91264 73451
20490 99440
40919 31666
56324 94546
19583 89771
83052 71843
46484 46065
96501 41272
19091 40718
83711 44474
48626 35600
97155 99452
38410 41844
21239 71463
26509 57443
34629 61085
66470 55034
72767 83334
61752 96865
61214 89690
29673 90714
25233 89423
47961 94097
25444 86217
89743 28447
22653 78874
96998 47446
86257 20886
75738 31771
99912 45525
31362 27362
56466 52126
67260 99686
22041 20866
33547 93914
46580 87684
55968 92544
96258 33926
42026 70136
58987 81977
21815 42924
60007 44416
21563 62524
37535 96048
24828 73440
55416 87320
74632 95944
90297 94799
44199 32039
55042 97284
38941 92111
20196 99703
43255 28016
67240 96738
91538 95389
90027 94960
24528 25408
64148 57136
65543 57786
26977 53032
75644 67021
44217 84477
68267 77271
97980 60803
98366 65565
92364 98234
36931 22522
50394 86750
67070 72692
58025 25229
74641 42128
67062 47869
-110 931
2090 -821
-641 1519
-842 1284
-897 1862
2213 -1744
-3767 -4328
-2461 -1188
-892 -1560
-18 -448
514 -517
939 2329
-2150 2313
168 -859
465 901
-2258 2574
1443 1290
1960 421
2878 -108
2660 175
-304 2228
-163 -1566
-393 2099
2766 -663
979 1759
4873 1163
842 -1412
-890 3526
-2756 -3336
1804 -2652
1380 2832
667 234
-181 -157
1933 1254
1485 435
-872 1180
1251 -559
-2943 -956
890 -2183
-712 963
-1195 589
-3511 1820
1199 1594
5260 866
1302 -1650
-1400 -2562
-1759 -1750
1017 -814
-2947 1863
-447 -2534
1061 1251
-3244 -1955
1087 1874
-772 -983
-2972 4365
-1859 973
2599 1628
704 3684
1411 2574
-2816 -2404
1497 2563
-2144 1209
-1023 1749
-4545 -3511
-1307 -942
-1454 -1515
-251 -1337
1882 -823
1897 505
2115 1241
-2275 1683
159 2326
-625 -4008
-1400 881
-1369 2073
2376 3051
509 -1798
854 2656
653 5256
-624 854
965 3204
-1712 717
1503 1646
1557 -1159
-1849 -3066
2119 2792
-836 886
-1047 -2008
2081 845
-646 -2210
1595 3630
2081 -649
-1262 2838
-66 3792
4178 1687
-1011 526
-17 -1076
-2801 -2868
-3156 2034
2037 1732
1126 -529
520 -903
-713 -3
-338 -3596
-282 -2126
2953 732
-594 230
1334 1389
1664 -1382
378 2743
-1105 -486
820 -349
-892 458
-145 1135
-1680 -26
230 1218
2054 2251
-3998 3108
1671 -61
2285 6
-3522 1794
2887 -409
897 584
1417 -654
573 -644
-314 -712
3052 -1354
-196 724
-1862 1169
431 1342
-1105 -2017
1464 2514
-1017 -1006
-304 1826
-846 2510
-2387 -2449
-361 2723
740 527
-978 -1287
-440 1864
698 -758
-493 -2271
2230 -2673
3520 803
1716 -886
2066 3402
484 -3687
-242 -627
554 -1897
-1419 177
1511 -1367
-3813 -2268
4835 3735
-2575 -3515
-504 -2463
-2116 243
1821 -2430
871 -1808
141 -1862
3146 -2854
