61 57 9002
38178 23395
77933 43482
77129 110314
58232 78837
29844 109837
33882 52394
46886 67001
73493 39284
18707 48004
52088 72007
64202 81447
79758 41053
93355 23905
40820 101818
19454 47887
71469 83275
68928 56697
30275 77844
110847 54192
27951 31256
56840 20748
79092 37071
23228 53805
106288 69303
54236 101410
26721 51215
89835 93044
55213 94570
79535 59496
77045 50677
86762 83354
110838 75194
39232 55037
59830 88305
80624 97702
67311 49295
21303 37291
27417 35428
75598 32516
74221 1651
25476 34767
23971 21795
64855 29916
97796 91602
17573 47178
93679 87477
100477 2128
80337 63219
13136 38721
40618 28278
26515 10471
98218 61644
104788 26949
90584 86079
55031 60946
41338 69133
98037 18754
28006 82770
41535 88863
51935 112753
97603 25111
43290 23875
91802 58844
71227 98037
67842 69539
35541 94607
33697 42757
56278 66619
73688 37234
26142 42054
49304 72334
58484 93017
76560 45975
98697 17675
49259 90348
21279 41952
63519 77940
71471 58960
25157 82297
97611 60870
26392 38011
60412 31525
79572 42425
34080 46107
91906 56728
51973 89802
24803 67676
98286 87596
58325 80389
91010 60048
82057 48302
75808 78671
97502 73308
26283 60155
53584 88672
80506 92476
60164 49633
17735 32285
30949 31475
56843 26306
83595 18734
38233 49630
29017 31585
78808 45922
93609 81604
30186 50275
95317 72781
99318 20505
81724 74351
27051 56951
50588 31262
21337 18488
99341 70413
94447 21574
78303 84713
58945 48599
45119 65621
80022 26195
36483 88358
44440 79634
54782 95984
92649 26909
-4147 -7026
10364 -2832
5160 -9819
4835 -12769
-12733 5471
-3496 -7331
-13658 -2177
1147 -3297
-1150 -10022
-13557 4428
-2199 5608
-3769 -14616
22906 -872
-12683 -5179
14296 3677
6157 5751
-2572 10788
-2674 -12643
-8930 -642
22040 -15870
340 1698
-13246 3893
5715 -11897
3268 12229
-22618 641
12740 -2276
-3943 20841
3587 2675
-13785 -2359
6126 -16980
-12670 -10666
3735 3108
-3745 1857
-3807 -719
-3413 9375
-15103 10977
3911 13425
6942 2835
-3289 9479
-2637 -3426
-9163 -12896
-252 -4729
-7327 1816
-2721 2279
1774 14876
6289 5133
4483 2753
6511 1053
-20086 8315
3757 -15053
1879 10686
-244 -12506
-764 15663
1793 -2608
3910 -11591
10152 13952
8929 -13142
