37 67 7377
75037 83721
93781 39565
47560 29626
56933 75875
29179 44559
98274 88695
73334 33701
34697 92888
45640 94264
68612 89210
53230 102043
28400 17877
96697 86613
66965 46028
91520 60565
65827 32660
46346 71211
36378 49238
35211 37016
91649 80879
77094 53563
33761 40530
65090 63540
86523 61888
49362 55867
66647 62389
86843 95988
103789 34251
29998 70141
22297 69487
65559 103923
45331 69598
45814 72536
76611 58306
44701 66788
110957 84104
41800 39960
67873 68612
94716 50947
47938 27655
47745 76665
35947 38891
95511 91708
84302 26563
36713 98466
50415 86310
77948 98480
58676 93319
35327 29193
97820 96247
64242 38126
88235 65309
46414 32575
34138 79491
35284 47000
36589 39736
92734 75511
76523 57754
40956 42115
65400 53725
81882 69846
33788 61439
58223 48863
97750 94255
97349 29562
29503 76787
26103 61867
55776 95068
45979 67813
49857 81181
79054 57879
33647 62618
94129 78813
47736 32777
3471 13482
1395 -3588
6560 -5794
-5681 3570
-8122 6924
3669 -4254
2630 -12736
6814 -4782
-1760 4941
-467 -7996
-576 3513
-541 9410
-9062 -10258
-6998 14451
-4960 2337
-3049 -9778
-5459 11060
4668 -1572
-1263 -6063
5909 -1835
1930 -14134
5196 10851
6228 -11234
3209 -1808
-1836 -521
-545 13141
-3361 12625
-6877 12049
12263 2577
6358 18008
-8936 5546
5533 10943
7644 4728
-5096 -13110
10185 3527
5924 -114
9601 -2924
13255 -356
-12234 -15179
8389 7098
-1422 8673
-1073 5243
12597 2327
-1116 7030
11599 -3263
8730 4884
-14846 -5498
-6478 9406
5528 2278
-9919 10027
12716 -1483
-6164 -8170
5237 1399
9750 -4171
-1890 6686
-4632 5763
-3445 -5461
1812 -11523
-1527 -5488
-905 -9305
-1486 -1448
-11522 8649
9446 5503
-245 -13038
6462 4860
7987 -3921
1949 -292
