85 127 8290
51908 76525
37563 46688
49670 21347
24103 58451
77073 97440
64548 80829
66836 24461
10931 77808
61852 89175
72033 51132
44166 38877
87454 14520
23786 40771
52992 83716
34718 86406
89421 101536
54507 29475
53324 22130
72220 45068
21511 48431
79140 96175
16726 90388
54329 74242
15386 26035
87727 101549
59853 97237
75912 68841
68940 54320
65213 80865
66966 27238
88746 95074
69632 20718
65879 12537
52818 76114
74719 49600
24824 36403
68084 7810
73090 41981
46823 92963
61766 44310
45340 43028
42752 90979
36491 58865
45769 72727
56869 19388
15932 72958
25709 51510
26461 34085
88660 41660
79797 48108
32939 42609
53950 96295
54063 87722
94858 48793
69318 67145
38232 15390
4687 29049
93156 26529
72505 71832
65980 52594
29326 69852
57099 41287
83398 25947
39569 73914
77794 88352
15055 16457
88693 53671
31573 39525
33529 32960
71472 81860
25320 44530
29842 20974
85715 83275
96495 70207
25666 94048
99753 18995
61189 47275
57839 50581
43271 92285
91196 45771
39926 37741
6047 80640
89668 69730
39389 58531
88298 36557
53958 74355
42478 37800
47477 25560
19335 52365
75603 98418
59708 81956
63099 11464
11269 86898
74416 78522
83311 40529
37758 47357
95151 16195
24855 52401
50703 77037
33641 90836
86668 97922
36434 14965
66576 34770
68499 46201
35124 53627
60276 90151
11220 86021
57162 68127
15768 15361
90851 95683
59300 97237
63079 64600
64731 38331
69033 70756
73112 42513
94142 94510
69431 29905
61816 23471
47934 89328
87437 53179
26070 34549
63193 12528
86467 46647
45676 93767
59033 38024
50122 38092
49875 99641
36838 62027
29430 63222
54501 35258
14895 68486
32371 66988
26065 29551
83505 47645
82838 49141
25067 28829
55317 97111
59341 78520
85582 65858
65414 65717
37812 15222
13609 25507
93804 17833
68542 80801
51473 53431
15641 67029
50684 21395
84257 19477
34767 61205
78635 80279
13410 17703
84835 54670
18700 35374
37236 41806
64094 87961
33346 46468
31704 29766
79468 80268
91377 69907
23439 88091
92902 28841
54183 44771
55400 51954
46086 86114
86182 56637
37223 22499
15486 95127
93006 69824
48376 63949
91421 36060
-1932 11056
2123 486
8578 -15002
4720 -6145
5664 2085
8881 -1646
4270 -6870
2327 1974
-11348 -1118
5441 5415
22 -1336
425 -2104
-7420 13706
7414 2221
3824 -1016
169 -19737
8255 -14442
12925 -6235
5946 2338
9603 -7607
-3717 13004
-1460 5803
-1945 1776
-6821 -484
-6320 -8929
-11066 -15848
5466 2160
11551 242
-2115 2086
709 -7610
-7914 -12930
14197 9268
-83 3111
-3951 7588
7841 -13279
-8293 5147
3045 -15768
16052 -7289
3555 4873
14618 -6244
634 9812
-6634 3410
7699 913
-6326 -8337
5176 -2858
-17147 -9041
-6920 4350
4653 176
-9506 -4782
1069 -5160
1173 7259
1868 -9445
710 649
838 -3032
854 -4330
1459 10700
5398 3509
12455 -425
-6350 -18470
-2524 -2091
1631 -11015
-867 8639
-834 -524
-3426 -778
1092 -3259
12349 6823
-12553 -2619
2603 -2661
1394 -1674
5759 11792
6675 16831
2768 1528
-7044 -6496
220 -9559
5910 -11783
-13469 -8999
2960 14788
-11697 -1219
1269 7756
-10465 -363
9906 -17377
6779 17250
11839 -9641
15998 -8839
8836 4052
-2919 -800
-3182 1151
614 191
-15095 1830
-6280 5289
19981 10286
-4415 2628
-1287 10142
13640 -10507
-24456 14770
8568 204
1314 -11471
-1945 -1559
3358 -16640
10713 -6876
-5471 -5716
-2578 -4481
5059 -13968
14410 -6078
4458 4529
-9641 912
1007 -7855
5983 -6513
6309 345
-5843 -5279
3088 13979
-7862 18099
132 -10788
-6862 5705
-8148 -3497
4336 975
-7070 -8339
8445 -4045
-3282 3127
1992 -536
-5363 6181
-973 -8682
6839 -8091
1760 7808
-3467 -1440
-2062 7462
6716 -2842
