97 55 7409
43703 66581
41744 90697
47357 85936
88816 93624
49214 81086
91507 104425
55253 86212
81208 67452
97528 45236
62532 56444
72284 48618
86373 95101
83444 82673
76723 65036
73536 101060
93088 100558
23059 45920
81818 92636
53124 65904
98430 85576
94499 70677
93002 76625
38013 61788
79804 56830
70170 60234
105220 32557
62166 55987
51987 58536
74154 55253
53129 57045
66523 44911
59347 105119
57444 85053
39219 69178
82596 53731
70362 80101
52195 73973
76287 86665
87676 73030
57450 77580
50267 57875
71215 52395
80989 57474
70899 50662
67998 85237
101082 101074
73333 92149
85901 61555
54345 57488
61642 69094
63804 102366
85610 68087
62969 97132
95847 38496
86054 47493
91169 80028
91548 71604
59919 69551
58199 71145
72494 35068
89981 76877
52119 73687
64449 80560
64249 86072
76565 92413
73276 56591
55690 69150
67087 84840
67592 52147
56084 100872
51905 43810
51857 58246
54662 63459
54799 63559
52629 89255
97303 45286
89884 40765
58843 72061
62760 103955
34258 85118
90842 46187
64788 44687
54229 47355
44313 77982
91776 79045
85281 64907
40632 73372
53495 68423
32250 104149
100165 103082
83556 50883
22308 84075
85953 49314
100546 71712
66767 54587
64960 53225
66822 86667
57312 65573
51531 99742
63538 84165
88418 82418
47922 72748
93050 94755
54215 90761
72853 98472
98449 53997
58831 45060
70834 49550
92682 91069
81516 79953
81506 77158
80901 92367
98601 96234
43644 45324
90623 83824
49747 65178
93716 67041
91746 72325
85660 69950
44891 72463
93435 47446
70853 59933
94971 43645
76919 58846
53499 65200
74721 60257
60870 55778
62171 54600
56342 98855
58388 86817
45075 56489
77434 53607
57490 76865
48518 78805
81165 85350
98624 78990
58435 79386
51192 48511
64361 65018
68389 53112
68557 51175
76296 83752
96738 92097
78130 80968
94373 80090
60709 57272
58428 76515
64459 89939
84931 72088
66333 97714
88731 45132
85748 45639
90191 71404
90463 67645
68998 65016
55381 62737
76476 45273
95478 72873
45050 69372
60833 72412
57677 88177
75817 91662
63021 62568
53546 69683
69632 93792
74059 47808
63570 92782
49965 49862
45057 59917
66948 61480
51739 69770
57448 98533
91660 48219
65862 52221
44974 76843
64493 95904
43606 75425
84196 47976
78525 55831
64416 45500
49302 95735
86078 72439
87165 73323
44918 69301
52589 59848
43986 99134
96941 95049
76686 43531
45300 97957
84263 58945
93458 78600
52334 48896
64384 59446
56770 96878
10804 -17160
-6529 -3143
-1859 2873
-6184 -3869
-2888 3446
1180 1848
-2017 593
2205 -17607
-4220 5670
12170 1850
-5875 -2010
14533 -4140
2176 -3035
-8418 4224
-5571 -6001
2772 -4263
-6002 -5108
-10197 -9039
-2483 -5912
2484 -11763
-21373 -7281
4141 -7858
-2675 -6415
11190 -1703
-2301 5289
1503 -5713
13225 -158
5579 -6680
5982 639
3654 -7892
10661 -13702
-754 -11032
-15532 -11072
1686 13790
10082 -5026
5920 5424
-8778 4558
-4182 -7370
4816 -517
3567 -15858
3018 8063
-6162 2317
1293 6571
1780 -7938
-8180 1391
-1103 -10626
11053 -903
3532 -10595
4303 10246
1450 -6769
-7913 -5003
1034 1365
-1626 -766
10805 1569
1088 -1098
