95 137 6329
99254 90240
45235 79715
82463 92514
84817 98952
94180 88757
100387 80741
60373 52850
46502 93247
53220 66247
41512 50880
50736 81711
39578 58862
56524 74827
92461 106877
64241 97104
50925 66984
92689 77311
98410 59296
67042 77937
88924 91337
56452 85384
66246 101291
83110 80704
78760 74574
50808 71187
93342 110507
72314 53372
93089 43485
96458 81093
82124 75711
53092 68325
50697 97441
52468 82536
76543 49806
62361 96679
58541 88450
52569 54040
83436 105821
82744 92677
65416 88483
61719 103646
86963 109876
88712 65521
90988 49036
41647 47260
49069 54263
74057 56141
66388 86056
58581 85900
87212 86047
91409 56652
74406 56674
62425 70648
44929 102071
57009 50097
82195 88868
75892 85363
46871 70764
79949 72786
94633 40800
64796 86802
101301 75982
44419 48877
54338 52979
57043 93172
104489 85739
100672 77012
77570 94774
76766 101578
50894 83215
65723 59792
57231 97319
78465 91802
86536 75457
94498 59380
99040 81085
65266 85564
41616 61634
102689 42962
77211 67151
80080 84404
84634 71270
70159 78110
81092 65108
78055 92042
65009 74266
59453 61261
95835 72295
54938 79474
58142 56071
46146 100245
95052 68968
73269 90572
60372 65435
89905 54932
98959 85699
48148 77710
84404 93949
93292 96072
87253 96110
88940 82432
62915 47790
47491 84818
59325 60903
50002 55398
50038 91496
52499 60941
60419 67061
86699 94930
66663 97873
52613 75203
97245 82552
98387 74318
62595 80351
96521 94416
62490 84906
58232 89226
89988 90260
79598 71954
59790 79507
92213 98196
76745 60631
95245 49158
90633 86239
85293 79567
61238 67485
49475 94937
50929 88230
80756 49302
72572 99480
61250 88616
59134 52415
84807 99219
77235 92233
69135 85821
57775 86950
78043 98281
95728 77380
80983 55930
55094 47061
54619 50725
62383 58698
53721 92825
53919 95074
92909 83306
87117 66522
71544 55715
65085 82195
47436 99501
56198 54826
89596 90449
71622 86470
52887 82820
73430 68015
94393 47464
60490 91155
99926 74850
47552 60431
49216 51419
63702 97104
96997 82936
91647 75455
74610 88370
64858 99071
50571 78541
57434 60271
63485 96653
69073 96994
79701 77526
97560 54109
99329 80905
63402 95188
50227 59479
92707 54317
82672 58146
84620 91699
81729 64405
91799 83136
81932 59024
79867 95827
60901 83849
65663 65853
97759 70562
59541 82703
60821 66505
50860 95120
95809 70123
77976 92095
60456 57608
89152 49997
-3870 -17
-5686 -3771
2520 824
5445 2437
-7560 5704
1899 -5400
-9344 -8929
-3015 -1166
-3888 7636
6641 286
5086 5959
1316 5155
-1040 7130
-3509 -8531
-2324 -3040
-1129 -7202
-6408 -8196
-3287 2586
3954 22
4429 7196
4282 10011
3232 5857
4721 -10931
-5695 -7899
3909 -8143
-6345 -342
7872 1689
-651 -3451
-7646 -2603
-15964 -7687
7102 10480
15032 -2905
5843 1864
2284 -15215
-233 55
-3473 -2850
-6282 4655
-5469 -5195
-9237 -794
-4189 4991
-1485 6534
6950 4270
7636 -2889
-227 -4513
11261 8645
-1088 896
-1956 -1536
-2 2942
6919 4073
-1719 3259
-8964 3079
-3717 -3373
3367 1401
-15321 1495
5271 324
-3363 -3911
-3412 1704
-26 -287
11643 -126
-9815 -5427
-648 3129
-1092 6990
-120 7273
9615 -3716
9764 2760
3145 2913
1803 5465
-1219 -2957
135 5746
-1270 -562
-3436 -1585
8282 1715
8262 4062
3133 -11962
-4992 -8530
4219 1180
3149 -9352
7177 7817
2884 -661
4485 979
-8350 -4817
1169 -843
8218 -8054
-7350 -7096
4073 5087
1638 -1364
474 -6543
-6183 4784
5203 4549
-7731 5779
9283 -10691
863 -3070
2839 7264
4160 -2192
1888 -2864
-10297 -4900
-3234 -3209
5814 3890
-2383 -5034
-7450 -4432
-7379 7464
5862 -1459
-3481 1346
3116 10332
393 -10533
-70 4678
-5327 2285
-5489 -7950
-2749 5709
-8531 9298
-6085 -11919
-5265 7270
-2779 -3651
2497 -76
-5930 2584
3967 4899
-10268 3262
-10717 6651
1148 3290
-964 -2192
-2511 151
-2929 -1350
567 6384
3674 10402
-10258 2163
-2812 -295
-3105 -11683
4007 -5329
-3653 8825
-10443 3713
3330 6065
-5401 1849
35 -2796
662 -7136
23 -234
486 5894
-604 5267
