76 185 8193
32761 31977
23575 75031
37840 18477
93168 57570
67117 70865
34447 25425
20660 40391
27313 23131
73640 99716
46294 74112
48728 59114
19923 77830
86907 43579
82398 99999
42096 32105
66961 87844
27928 40750
68833 67712
93154 96366
96511 74301
55603 68914
74565 80212
87030 93426
61090 66269
34660 69394
90753 33819
59802 53749
34330 74936
63992 40397
28954 21669
26005 29737
74162 77332
99995 82078
44130 32662
94852 27450
77956 33707
52704 47294
37064 73567
82940 81369
60404 65789
56967 89010
22985 96560
54167 94184
67891 55913
50637 53254
63550 27402
97252 44113
80809 69033
47324 33962
60243 47237
26231 92864
100999 46382
31281 67678
87576 86862
6568 32797
66968 62493
17043 61283
55669 90292
24765 62433
43934 96428
85537 104516
37429 20423
48559 50099
64517 88832
26622 59335
76447 56163
88819 55319
26291 29947
10555 58400
22426 45347
43846 43453
32997 53437
98186 67652
33477 63838
53155 109152
72444 85528
32243 32611
25558 77371
27878 22602
81169 50788
65324 68157
46518 20378
23027 51505
27081 20507
65014 83482
45603 83538
54646 61536
34465 74403
98222 34963
93100 90146
38190 38351
65880 80061
22928 41404
63414 55069
84134 89286
97163 74503
60271 62823
77009 80313
93277 96901
57321 65474
30089 78231
90165 37744
64833 51265
33606 94640
63390 42138
19858 26059
30882 36545
62084 81117
92952 80797
31858 31264
97583 39186
70419 43056
39190 43213
47477 75271
84477 87358
70596 51340
57269 80051
34541 89184
46096 96686
76954 62715
64106 62872
62803 23774
99315 42161
83173 88837
35536 29476
51377 53499
34836 89461
99789 53134
49791 69834
78513 98627
25964 29616
58057 67731
21056 51556
51678 90540
21455 69748
50655 94928
78383 95645
42375 29216
37745 45266
71151 81364
24267 49205
67191 50987
93128 43473
26846 22028
21375 67975
26745 26596
36756 55389
29561 50530
93492 71876
27310 60546
51361 97711
76872 86078
1996 -3710
8067 -6151
-99 22451
1536 6285
4385 -2463
6009 -5351
-2704 8096
-6281 4248
-11323 -9767
-12427 -1243
6186 -11316
5733 -9053
3219 -7550
-723 443
-134 -421
8204 -2931
-1587 -3259
-11895 440
4405 428
1222 -11892
6569 4301
-167 12565
-40 -9567
6919 6345
-1422 5668
9514 -5153
-3125 8884
10337 -11692
13641 1935
-1023 -443
-7125 -4681
-1066 -6718
1290 10122
4457 -1019
-4269 -5516
-4228 1369
13077 -13331
-276 1630
4759 7955
-6483 -6617
-2802 -6714
3252 1614
-2674 8411
20315 -6126
-2064 3416
6394 -8294
-7504 6745
6569 -5029
4721 6892
-9065 1440
-1989 4662
4946 9536
-3449 -362
-18761 -11546
-4000 -5592
-5075 2919
-5102 12737
5328 5888
5092 3950
6064 -10724
6075 7874
22213 -6739
3036 1046
3250 -2809
12929 -4472
1471 -3500
-7210 -7918
18732 15250
-4664 -4123
7648 -1443
-3717 -14737
-2151 -1408
-12103 -4743
3268 -7687
1197 809
-7172 2597
-5412 14434
-14042 -1863
2011 -1927
970 -3254
1241 -5258
6757 14095
-11458 24906
-2865 -7037
1080 7851
3689 8801
1423 7088
220 -1727
8819 -7655
-4694 -893
20155 -6995
6254 -6559
-3223 -10486
6216 -2398
10397 2164
5281 -8199
14096 6064
-3904 -1513
2740 -252
13366 -999
-9827 8027
-5086 1430
289 2512
1799 -55
9890 -5132
-9160 -8869
8673 -2998
-5091 -2454
-2266 -799
-11442 -7343
8275 -140
13451 6749
4256 1759
2556 7511
61 5225
2194 1212
-10273 348
13791 -3729
2695 -4759
-7858 -291
1807 -10997
-792 3144
-7486 -9800
-6150 -3725
-3539 1187
10510 4683
-12667 -9397
-2414 12114
4668 -5224
-3651 4511
-14920 -1101
6516 -14971
737 5091
11035 -4599
-1498 8832
-12404 3997
-13796 6298
-11166 -6482
2260 -3174
-4691 -1196
-1093 7675
-135 79
8037 525
4263 9387
1961 8498
-11034 -5324
-11054 -12295
-607 -513
6211 -10061
10923 4045
5838 -5966
2599 741
7274 8152
4226 -1802
3191 11868
-7939 3638
-11287 5180
591 -7170
5304 4934
-25166 1374
-2033 -5498
2662 13121
-16139 9679
14440 -8788
-11090 5402
-15883 2678
-3866 -12301
6974 -6555
-4507 15027
9315 3423
-11623 -7949
-7431 858
-8950 4582
8510 -8365
-6431 2230
-6783 6194
10525 -13072
11027 12957
-5240 5530
1413 1420
243 -2460
13735 -3289
9268 -17764
-4857 6996
-11649 5869
