53 121 6449
48129 39616
55679 109289
20171 66873
63404 55469
103887 63311
34365 105131
35955 86316
61831 52665
28534 85094
21465 60472
35649 16046
74303 75804
61571 48262
13831 93189
14745 57334
74803 28455
99603 71854
84351 88602
18065 36627
66702 93972
36031 99069
80005 45846
52677 75280
71166 53691
30383 85578
85916 19816
90487 49891
96193 64615
67018 18808
32687 87079
33634 83955
81345 56235
43912 59076
14150 27033
22523 19361
59655 40568
62668 71184
30676 85374
42726 63391
42115 34063
55906 56888
46580 90256
92537 20128
27190 42536
54252 76463
69404 74777
37901 41050
71358 78208
105481 70991
62877 15261
16688 92640
32594 64342
25298 18961
52322 43783
53664 97763
25346 54905
65379 59845
97529 61067
28157 99105
25489 85234
68716 61583
31840 94470
38100 67045
35330 22455
75377 79481
60001 44211
16507 94137
20372 48930
76274 24332
94221 73648
88420 98008
31335 43346
63475 81660
25454 97107
81096 41006
52633 83336
66838 51481
35038 84979
78414 19103
94244 47514
94090 84974
70814 27660
38448 79149
34196 83554
86063 53270
60376 59543
15751 20587
23792 25759
66825 28762
67477 72104
35530 85638
35703 82911
49226 35828
44614 59426
43870 98093
91710 21625
27160 52202
64405 69618
81654 72133
56840 46989
56179 82421
91819 67889
73022 21578
20086 99504
26275 68039
32650 21346
6064 -16733
4445 -2118
6760 -126
-2572 4055
-2651 5488
-3733 8110
-3668 5828
-891 6880
-5000 -5015
5371 11660
-7645 1720
-4405 10319
5761 -5341
-9571 9225
-9 11135
-10768 -845
-5707 2143
8631 7421
17517 6692
-3070 -1008
-4823 -325
-3880 3377
3722 5376
5087 -1914
-6546 -4537
-2595 248
4344 -2820
7778 5265
1485 7943
1381 11300
-1009 -14416
3987 9834
-10313 -9144
4008 -6364
-4456 -4200
245 -841
8646 2098
6796 -2055
-4793 3959
11088 2792
-5132 9070
3778 762
8168 2206
3847 12165
137 -7864
7085 11516
-3945 -9718
9022 -5271
4157 -1229
-240 -1202
5776 6621
7094 4869
-8596 10388
-2887 5211
4519 5239
-1786 12929
-7295 -307
-4305 -7172
-1303 -7372
-919 -15838
3557 11568
5267 -13955
4538 -2364
-9951 -6660
-7476 7044
-2794 -7665
-1131 -3422
-5149 -4426
-11521 3388
-1658 5675
2495 -422
-7185 -4664
15796 1882
5884 -6331
-1863 6026
4595 -1668
1554 -8273
-1447 -2383
-9581 -4074
-7356 803
4762 3880
-4590 2383
-1855 -1317
-5504 1956
11764 -10546
-3762 -6378
-5359 -2279
1875 -1357
7477 9232
-6605 -839
2948 12326
-5477 -3665
-14454 4345
-2335 1821
-2014 -515
81 4646
342 -4158
1095 417
-3168 -5363
519 -3202
-9539 8425
-9299 6333
4746 475
-6902 7997
-943 -10252
-3592 -11759
10323 491
220 13062
-571 -3470
-2030 905
-4462 -7478
-128 -7042
4812 3269
-7117 5402
-2186 -5452
4420 9730
7040 4387
-2406 2346
395 -5921
14192 1767
1138 -5264
