80 65 2915
64928 99168
67464 55450
78532 95627
74149 80495
50551 82026
55275 62966
94779 52199
77908 74513
68527 76630
84974 52707
58678 90730
54380 79347
81207 73637
55898 53799
98864 78610
71332 75428
51128 73820
93815 68920
79331 50199
93444 93088
73023 81051
50636 57540
101392 60811
64301 87997
90928 68411
88569 85475
87940 87720
85127 50488
76593 77555
92930 98405
77634 88855
71923 91152
56350 65775
98481 80896
56109 49669
96012 45418
72900 68862
84829 51469
56263 87403
92162 77138
96282 48414
98514 95796
71712 59386
84967 77921
99012 54055
70199 69854
92150 71216
61223 72518
68661 58261
50983 65621
46644 88392
71585 63888
85738 53636
53168 91793
90694 67947
98904 73412
95117 101554
86327 80004
57156 76209
95534 68745
74914 76127
90019 92747
63364 77959
66257 57534
57120 75443
51305 66425
89831 53421
76764 73689
89260 71466
98343 87154
95432 77094
92409 82753
50081 73571
56875 52041
48784 98178
88182 82970
95327 98563
90378 87411
72141 70655
91986 88231
64875 96793
67386 57880
84461 99125
77724 83308
53168 82784
55869 63312
99192 52624
75155 80100
66513 79110
85164 55143
57742 88923
58830 80375
85496 73977
51001 60043
99818 80060
74033 77450
51674 73290
90292 71595
77939 49615
92607 93812
72743 78848
48697 58097
99832 62722
62991 84194
94144 64280
85662 77133
83377 88431
86387 52047
76663 76864
91966 92922
73888 87540
68908 91037
50306 66732
99826 80442
55614 53631
92915 48703
71689 67537
85587 48678
53130 90347
91579 72958
93390 50391
98567 95857
67946 57059
85544 77400
95843 55172
69691 64509
93733 71181
62956 71595
67037 58192
52950 67289
49953 89675
70806 64707
84387 53072
49909 89995
91137 68003
97861 73333
98042 99578
84787 81752
58596 82041
99478 70297
74617 76591
87372 93520
61737 80095
63370 57490
54789 79753
51200 65269
94811 49156
80111 76118
87479 71671
97480 87737
97064 79927
88814 84578
51367 72249
59165 50219
50625 98228
88991 86248
96101 99668
90450 85748
70319 72054
92896 84588
1404 -8868
1523 -2219
2174 -41
69 -2009
-1977 5697
-2343 -3424
477 2331
654 3662
5058 3243
2652 2535
393 2371
1991 -2136
1294 -7004
524 3373
-2864 -402
1818 -2755
-225 -1693
-3157 1096
3194 -882
1867 2009
1564 980
2515 -2863
-4804 -726
-205 464
4217 1445
3181 1921
390 537
-2905 3465
4025 -4297
-1496 -1093
-1293 4219
-5010 -2787
-4033 -674
2665 -954
-5707 -3153
-1568 -1552
1877 1800
-1098 1439
3293 67
-1306 -1572
787 -5823
-2687 -499
3993 2146
-1569 -1165
694 7103
-1234 1649
-470 3294
2619 98
2831 3610
-3284 2526
1499 2066
-304 1111
906 -1023
347 -218
-1507 91
384 995
2314 -2410
550 1947
3883 -2013
6831 -1337
1412 2644
3074 -3912
431 1619
771 -2391
-178 1596
