67 251 7396
66559 93025
57859 79433
67333 95543
41873 98370
68764 65475
41627 50745
66731 81548
51586 41812
37683 96824
40328 85900
49050 69637
94952 62891
59637 54966
35731 86315
96112 80466
52047 72096
32187 78097
55863 57927
71359 91354
77777 36716
41216 70228
77013 82892
52322 96717
78158 68822
57861 88016
53706 38989
87667 41465
50696 55607
43001 62983
42406 52713
61306 99798
86133 45673
50384 69777
74452 90500
82479 53213
23288 90974
66577 74083
92537 71572
96435 69369
44132 56071
78120 75570
89969 75651
88452 27331
96877 81811
46051 70755
86474 61170
103674 65666
96537 47688
70921 49237
75859 56672
73683 75391
38403 94016
81747 76485
88716 39500
88962 55002
46726 45020
55087 91680
71945 54662
36316 86241
101229 80899
83765 68705
61118 62307
37695 64654
65153 92097
92327 92502
60836 45366
101969 54355
55314 84621
56087 73367
62327 94191
45869 96684
80171 57740
44580 51863
72309 84194
55022 38286
48222 97183
39899 78740
44230 69071
94992 61069
65082 47190
48318 81066
82408 80891
45128 66044
41159 68119
47730 54644
62188 84582
79126 43882
46991 66858
90145 88853
66918 96476
72230 65513
51077 84615
58795 52853
80856 43051
57673 59171
48196 58976
39187 59339
72450 96806
87884 46997
48523 70488
79955 89431
83951 50577
42244 95464
65755 63864
80144 72113
93856 77542
48403 55755
69058 76786
95200 71897
81833 40470
95936 66145
47788 65032
96337 51508
99680 55452
83096 50865
80085 48687
72810 57731
61453 68169
45459 90911
77867 79091
72309 39118
91144 47859
47705 51334
65022 88817
69565 57778
53748 83066
99591 87681
92174 60897
57229 54064
42536 62523
66905 90021
83445 95353
65893 43940
97861 54441
-5204 -5122
192 14356
529 -3283
2424 282
-12746 13344
10342 -11232
7586 8636
12373 6205
-12882 -14444
2312 -6903
7474 -1314
1687 1563
11023 6134
-3139 -1522
6779 -13663
-4765 7313
-1092 1298
-4239 -784
-9270 -247
583 -7984
-1087 -5766
-543 -5917
6849 -10868
4806 -1216
-1561 14224
-13187 -4055
9596 -5322
-13475 -6979
7566 -5615
-6224 -3300
-5460 2
-10101 12015
1003 -7071
3322 -3498
1019 6684
13350 5172
6610 4087
-5533 -9308
3771 3941
11957 2213
3498 -6169
-7163 523
-10690 4425
166 -10732
8540 -17110
-7973 6958
3776 -6775
5935 -7213
-1292 7551
-12298 2264
-22719 -5343
-1937 -233
-5237 -3068
1875 10885
-8306 6436
7849 -3755
6539 -629
-10700 18433
4667 1963
-11506 10395
1612 -7575
17957 -4227
3755 6106
-7422 -15285
130 -1964
4495 7223
1235 -570
4337 11031
191 6389
-7260 -1976
-10259 2285
10159 -595
-3274 -3031
11306 1964
5826 9805
11806 -1776
-20352 5417
-7301 -14067
-5206 -1657
-5756 4754
-2380 -6861
6272 -3163
-1620 5122
-1096 16000
-7352 4516
239 1546
-4507 2339
-10765 -7940
8719 6482
-5214 -15817
2162 -4642
-12611 -3716
-4851 -3342
-2169 -14136
-10845 11450
-330 -7816
6919 -10351
2830 16194
3282 -17382
-10251 -80
4078 -5089
-4324 -474
3967 -23762
5487 6042
1385 3349
6403 8499
-3162 6071
8377 -8655
-690 8660
-1760 -166
1269 2998
1346 19742
-5961 -8931
5509 11548
3371 1940
3965 8531
-12145 1863
-1102 2261
-1716 -2200
13458 -1
4187 -1310
-5920 1479
5129 -300
-6873 -10221
-5272 -2106
-8488 12141
5588 17289
-10920 13599
5068 18016
-243 2972
2277 -2654
-5603 2632
3349 -11643
1980 -2524
-743 4739
14001 -6483
-16147 1779
-5998 -6020
-2827 -3951
-343 -2649
11876 -14379
-1572 220
14181 -9757
-4836 5798
-7882 719
-850 4317
2496 9371
-3266 -8102
-7951 -5452
1518 8846
253 664
10556 6924
-6630 7094
665 -6138
-7194 -973
8573 -5869
-6276 -5975
-1322 4504
-5709 1926
17998 -4220
15734 -8819
7201 10040
-7490 1090
-6645 -18673
14048 -5581
2607 892
1744 -8674
3549 -5355
283 4824
4559 9814
8815 -8634
4565 -1111
-1098 -4686
1905 -13026
-21280 -4181
222 6806
-4722 9135
-3225 -1580
1081 -4967
2366 -1829
-69 6836
-3561 2559
-4093 -3187
2419 -6694
4947 1000
13848 -3343
1815 -4956
-2881 -3133
1732 -6671
4586 3722
-4520 -5597
-5012 -8932
-5700 3221
-8750 -8226
8097 -10915
-756 -6529
-10908 1253
2710 6026
1729 -4679
4307 -8979
-3144 -93
12649 -2113
-13156 -5305
-4904 -6779
-8301 477
-5858 9269
-345 -11274
2304 15387
5596 -7088
4759 -1360
-2683 10400
10776 3768
1727 957
-4441 17133
-9513 -4017
6328 -1884
2007 13969
-3361 7593
8793 -3048
-4303 -8890
2401 -127
2450 16495
3440 -15261
3497 6965
-5286 10138
-549 5753
-3186 1300
3446 -1482
2097 1640
8370 24220
-1307 4379
725 14575
6685 8275
-4970 2124
11271 5384
11856 9142
3952 -18896
-3371 3435
7895 12880
-3784 3609
-1678 13996
-3755 5414
-742 9654
768 5918
-5165 -1694
2192 -6342
-6112 9740
4958 -1140
437 13215
-7364 -6424
11184 -6169
