83 138 5436
45060 78280
75089 45919
79400 24417
69550 82392
59277 69772
62714 81158
93775 81545
57037 44417
62797 92689
53636 107383
65057 46998
53096 54354
73801 91431
55445 78580
65786 83305
46900 35960
84723 73145
89705 92788
68454 91629
89618 37486
61121 35180
50405 79059
54791 54888
60952 47887
38959 39589
55908 93812
80204 36719
52782 85907
83422 77531
53357 94073
47301 96617
64845 104423
75769 57124
22709 110719
36089 82053
78406 72564
68954 68683
65200 56842
60930 91055
77500 54376
75980 93179
48507 45838
84300 105637
75200 74384
56054 59542
57532 76256
43329 81591
84560 56878
53683 49719
77274 98683
93575 65363
61442 47850
89265 48926
91914 60619
40949 58727
98941 45739
86616 91208
45742 74499
39457 81345
91375 69262
41063 36636
55192 89594
61045 62353
40791 64919
99364 64411
55196 62784
62200 45556
68480 75067
70062 102094
56948 90762
67999 72015
63197 100259
48627 98950
106325 92209
91692 71836
61962 75004
74201 67157
76732 96091
39304 54957
77169 68086
38413 39759
58790 36120
61006 94634
46373 78947
74257 41906
84637 33042
71576 82900
60691 78659
59120 79793
98241 95954
63332 50579
57658 99293
59754 96699
58912 37598
53126 54412
73703 86205
59685 81409
59932 90227
46321 35354
86670 76799
90930 95287
73940 92878
90018 44198
66378 37621
38995 81712
42696 62152
52065 42850
40737 42240
57088 90433
82912 32500
58926 85888
93116 70099
53275 96426
49592 89055
63155 95782
82473 50458
34604 99688
33583 85459
74652 76442
56553 72401
58899 54190
66317 82573
82189 58208
70020 96203
49937 49433
82326 97184
66927 75114
49093 55147
57365 74163
37492 80689
84419 68656
48885 52385
76964 96992
90552 68594
57898 50106
82910 48764
89870 60637
39567 58076
95887 51094
86523 89394
41546 71888
36610 85292
87092 68507
46212 33293
62239 96839
58325 52647
44079 68463
85970 61481
61691 69464
60560 58325
70910 75473
74388 94420
57454 89232
60568 72746
65083 96777
48296 95153
99816 94711
89333 77903
72780 83305
72543 73891
78675 88348
38593 46574
84067 59297
39794 36660
57516 36271
63190 90897
1696 216
-2281 7186
-11296 5108
-75 5565
731 -7223
-3720 10206
4709 3597
433 -7543
-5471 -548
4267 9815
6663 -2986
-2951 -3228
863 -1500
7137 5042
1831 -1614
6234 13956
2203 2227
-1017 1791
-6039 4632
-6340 3716
5978 -12570
-1203 -4246
-177 -6049
-44 -4876
-3627 4594
-2659 -3084
3523 -4152
1017 -3059
-1566 7569
-5708 -2452
2592 4387
-5622 -4234
-773 35
-6765 5727
2551 -3810
5023 -2499
-900 -616
11541 -7231
261 799
-1302 -3142
-15739 6788
938 4037
-6456 -4334
437 5436
886 -1541
1248 -2717
6499 -486
-8032 6526
157 -2493
4642 -3190
-7865 2833
-4895 -169
-1342 -869
-9537 -1874
-3464 4782
14162 4039
-9458 -3588
-74 -616
-3981 264
-4224 -1563
-1707 13239
9812 -5527
99 3383
-1181 -7466
-1702 8033
-3620 -6215
-10570 3611
133 -4472
1249 -8113
3683 -6238
5711 2787
-2645 -3171
7323 -2703
7406 -5162
-8093 -4849
-2043 -550
4014 5029
2149 -7288
-7140 -8124
-1099 384
-2254 -6391
12830 -3058
307 2187
-4420 5863
-7585 11399
-11778 247
8530 -9721
2527 -1014
3504 2295
9123 1412
2109 -6816
-3038 301
2382 -2649
-13712 7252
8894 -1028
1523 -5826
-8813 6408
8684 8873
-2053 2501
-2764 -1202
-6280 -6125
3821 -7107
-8837 14607
-4450 4555
2261 -4569
-4350 1038
-1825 -7576
-12354 421
7984 713
434 13207
-7963 6158
4598 444
6414 7670
-14891 -123
8574 -3710
-9051 4325
-4132 264
1656 -5694
1038 5690
8487 3186
8350 225
-252 9136
9716 6065
-9298 -501
8668 1605
-1061 -1277
5974 -11151
12093 -4964
1698 7922
-2220 947
-3768 -4001
-5934 -3720
-6664 1444
4531 2342
-3990 6074
3213 -1169
2720 6863
-1274 -7496
