57 124 6806
57288 96917
94354 79436
66186 77712
59530 88397
56176 66746
58344 69431
83297 46086
74685 85184
39478 85194
59303 56120
101257 45465
87319 65684
88225 90800
77350 92138
73706 77899
47426 95946
94249 60852
88616 60681
57220 94381
67295 58748
75641 53258
80293 67384
95290 61006
62470 70010
62556 95548
77184 57421
47571 82740
69609 78853
81828 86720
74896 60771
82646 51286
73230 57854
74238 82180
92764 74250
93351 54757
64803 68970
83347 80968
59992 70828
98286 64578
90428 54197
99885 86797
89529 83004
93169 80994
59604 55257
61417 66486
77243 53285
67658 73842
91858 79558
61539 54552
63784 95966
84454 87967
79488 85999
65056 76712
71474 57421
104055 39465
91868 65361
55576 65316
66515 93284
95296 74487
61365 82805
55448 85751
60346 57021
62804 71990
95767 51767
91121 77061
51282 79719
69820 59597
97924 52842
83259 59653
89544 98641
86419 92451
85998 92255
51103 94877
93469 57546
89307 62569
55563 91661
73293 61968
68498 56782
80866 71663
86711 65011
62885 76049
58492 95792
75301 61850
64271 90499
69060 82491
86099 80475
69586 61317
80784 51058
65535 55747
74829 72388
81147 72142
87200 53199
78712 69551
97300 68067
66711 83262
99879 72637
93631 52254
97238 74777
90534 82203
92139 82157
57962 59657
69224 59472
84002 49942
57492 74979
91351 83942
61375 53337
57418 91273
81224 94261
80273 96471
54834 68186
75999 62743
97747 53702
87285 75594
67326 60641
-4532 12717
-5995 -9536
8152 -13421
6455 1090
-9746 -3412
581 4136
1013 -311
-1022 -20111
2831 10068
512 -1306
-8550 2216
-3655 4101
-5744 -18620
-301 -6359
-1825 -3012
-1249 60
-2774 -4200
-10847 -1594
7143 2632
3470 2159
-6774 2326
6678 14051
-6177 13618
-2648 -429
-5695 10205
-1257 -8080
-6454 5452
3390 3566
-9217 3716
6250 3262
7933 -1708
-1877 5409
383 -13321
8573 -2870
-6557 3392
2124 11380
-8686 408
4971 -687
3464 -7402
-6426 6355
-6478 2397
2444 -2853
-1521 -3426
4875 20061
2653 -1133
-4884 5017
2999 -879
1021 8514
3142 -5278
7232 -9071
4979 -6331
13086 -8360
-8610 -7307
7980 -1346
-6443 -6002
5514 11665
21201 4208
-10253 -13258
9360 -6204
15015 -3699
13498 6364
-10077 -3993
-955 -2939
-1297 -3378
-1736 -7986
-4658 5219
-5443 -6097
-7929 -1622
-624 6156
10458 -9047
-763 866
6512 7606
10585 -740
-5232 1154
2004 -4222
-7282 -1858
1643 5504
6507 8225
-3884 -1250
-8877 -65
9877 75
-2449 8018
-473 -2079
7911 2816
1705 2743
-6446 2176
-7353 6264
15234 -6806
-11465 9847
7892 9956
-4736 3553
8493 -5800
12118 -1565
7867 3259
5644 696
-1257 2002
4545 -729
-1202 -6004
1770 -1282
7614 -8416
-6299 -7882
6867 -8126
1946 -1686
-1164 9280
-5443 -6283
6691 -7618
-9752 4306
1366 -4888
-11429 -6244
-2877 4631
2708 -7899
836 -1192
6792 132
-14961 -2273
-5754 8957
-9773 5896
-2550 -5496
-5981 6918
1204 11384
-8226 2820
-790 1427
-3200 -2548
10671 -1273
3223 -1049
