72 238 4216
74476 54474
59521 81382
72013 77783
54449 70674
91004 58698
93757 89297
54656 66493
83417 78408
60902 65536
46308 90660
48775 80959
72504 76887
65020 88297
87894 48912
98319 52266
46927 84799
80296 68163
89827 74640
64452 69092
92831 71553
73727 77430
45138 96557
51113 87312
68513 61137
71735 79439
91189 85433
56256 81346
53115 89655
93813 66113
67134 70214
87077 88521
97059 72650
82786 97169
79676 54460
79720 70678
80607 48190
49829 89285
97948 102040
76254 76823
90586 94810
90235 96499
91391 43450
92937 97707
72226 69783
82579 93601
74063 46823
69695 66508
73300 73256
49836 55569
88852 75890
58844 67662
57562 84426
77384 68725
105291 48999
49499 89489
55545 44369
59652 102580
79330 52214
69442 63518
50184 94381
87426 95449
60548 76409
101043 61198
81626 85888
57805 80482
85848 98100
68693 53011
100250 92717
77484 96328
94797 97429
92186 81109
63980 86690
69380 54713
65830 82719
73511 82088
54429 74398
89882 57261
92049 88509
54010 65671
71649 79443
56608 66552
47360 89864
47326 86816
69621 81699
58808 94713
84727 50277
99449 50524
46910 83354
82958 64132
88017 70651
65380 64119
89646 72434
73826 79770
48884 99855
60053 88014
65844 66875
72874 76055
87831 88660
58374 84901
51883 93431
88764 69229
65985 81110
87485 88906
97268 71697
81354 97312
85029 54751
81569 74668
83672 52991
49661 86033
96253 94391
75737 73781
92697 96784
82173 92498
94907 50865
97294 92367
78753 76540
88252 93249
76001 46964
66558 65642
74204 71501
49325 62872
94919 85379
61815 68877
52001 80082
76721 64990
98125 58604
47710 87039
58182 50768
65040 99825
87560 51428
69614 65891
52453 94476
88099 96904
62513 80644
98026 73982
79383 88261
65736 83476
83349 98007
65945 54607
96517 92324
75930 96924
95833 97622
89317 83442
62651 88529
-161 -8485
3395 -5512
-2099 5280
390 -4053
-1950 -4937
5582 11414
-3688 946
1859 -2651
461 5171
1847 5146
-1071 105
3978 -671
-8662 4556
2110 4347
199 1100
2461 -6783
3055 -2502
3366 -2026
2339 -2787
9041 -223
157 -1559
1325 499
2874 5578
-58 1721
-1424 -5016
-5305 1890
-1503 2733
2179 6040
1681 6379
-2288 1266
918 1459
-2072 -2205
-4673 3638
-3353 2444
7250 6282
-1714 -7569
1574 9951
3119 -3773
9717 -4604
1455 1411
221 -6885
-3982 3217
-471 3168
11822 -6121
4804 -6032
-88 492
1429 -3230
-1368 3467
1621 188
-8170 -2466
-5477 2748
1289 -948
6481 -3643
2337 -1161
5363 4123
-1584 759
1121 2754
-6279 -2400
-5557 1369
77 3891
6771 624
-842 110
-8496 -732
-8181 -1693
-2036 -776
-2575 1654
5451 2091
2424 -7124
-3501 1905
-2168 6699
9010 7168
-4005 -507
4925 -4569
1564 -2143
-6469 7644
2745 -4276
7256 234
-4072 232
3086 534
34 2548
4586 3881
-602 -4170
-4536 9727
-4744 -1436
-2892 3411
-3035 -1273
5528 -3683
-1254 -2914
10822 -5669
-3427 3637
-2464 -1257
545 2385
1426 540
-2997 1783
-3884 -984
1603 -3783
9822 8403
122 5061
343 931
-2978 3378
5021 -6661
2067 4551
-3888 859
1433 -2669
-337 1570
5281 -3458
-2709 -6276
3228 -1105
-5492 7077
5798 -1295
-4899 -8682
2551 461
2222 947
-5184 3886
1064 -630
620 406
-1662 -960
5298 -7636
2280 -3968
1473 5202
-825 -422
-658 -748
991 6022
3482 -191
-5913 -1491
99 1492
6516 2190
5254 -1752
-2283 739
1606 -875
-2912 3320
1603 -5512
-3526 3071
-358 7735
2342 2180
8727 3374
-1345 -443
-2113 -2643
5828 -1666
-4158 5442
-1387 3472
-6527 1362
-252 2098
2053 3520
-2229 974
401 5431
-2950 -2363
7118 -6259
951 -5247
4038 5620
5839 -1294
-962 -680
-9275 1983
-3577 1818
-440 -1089
853 771
2267 7391
-6365 4941
2879 3945
-10743 -6293
-2337 -487
-4420 -1960
6048 4926
10293 -86
816 -3785
-2056 101
570 -4444
-1226 -953
2185 -1846
-4434 2525
49 -6794
1214 1467
-1144 4547
-5007 -4800
879 156
-7165 870
-5603 1408
5637 6891
681 -2833
-2389 -4892
2494 6330
-3529 -4316
-1259 -2630
-2928 682
812 2681
-5723 -5043
1445 -3540
-2788 8056
-2182 -3300
2688 6284
-4695 2422
2638 -7272
-3469 -3895
-3944 -862
2903 7219
549 2047
-2972 -7918
51 -3896
2175 2373
1546 -1538
-4110 1433
6294 3227
-2680 4387
6330 -129
-8206 -3123
-3083 -1604
3254 10862
-2211 -180
1803 -4608
118 -348
-2110 4227
-5207 4757
-1612 1345
-3995 -84
1264 7984
-5648 -1882
5056 -503
-363 -719
-6433 4490
2549 -4049
-1163 3425
51 5130
-5800 -3061
-799 -1748
-818 -3204
-6293 -3535
5178 -5756
4792 -2785
437 -7740
4027 1639
4011 -3816
4494 2816
-1116 -2182
6974 -1024
5663 2846
1451 3665
4422 279
-5426 1342
