79 65 8458
65554 80343
67588 61429
64078 50346
68623 66216
60655 91727
58961 76564
82415 89970
89654 82724
41012 102685
65636 92569
88708 59179
61800 103086
66458 61220
73532 84729
59246 113951
107672 98636
86036 60988
59766 100238
66667 106304
50308 91845
101057 51105
53833 94474
97372 78936
47719 82668
49928 68518
47392 98793
85337 92498
87827 81837
65081 60918
70549 76327
66531 65041
96380 79648
57842 57735
53702 77855
87910 79301
56052 91712
58662 74064
39345 56155
84390 74808
105863 69312
58033 82766
110467 57094
107328 85877
46849 103415
85031 76545
92804 77432
71081 55084
94142 63750
52484 105092
104578 96267
72565 65166
54234 71266
86658 90245
74746 66262
58331 61655
41024 80861
53440 91512
58270 82982
35505 55739
53972 92753
67671 86893
73645 61548
81425 105423
72363 73090
67288 43475
63908 59986
96264 87021
92216 44550
72088 41827
78922 91635
103991 89092
42478 77793
61275 59154
75513 80150
62987 44579
68737 70575
96698 57807
47381 109438
64251 98781
64394 77127
54954 65096
53949 67964
77909 60518
48511 86521
56370 61225
89249 79164
85887 91303
46273 89385
62655 82024
72202 55417
54847 98622
62962 58315
78191 98531
60554 99155
99291 93754
71989 54604
59381 94159
74282 99263
46679 85229
88804 59312
55955 94052
86180 77136
48410 83565
60810 69200
53674 99490
81823 67920
86526 99729
67948 56029
65761 84354
58927 65141
88914 85752
58271 67042
58981 93726
74698 88771
68637 89785
73140 64041
46597 48451
89273 74154
98783 73498
54933 98299
90983 58895
98000 87775
49767 91775
97770 85381
96426 89073
80962 49880
94394 72422
66392 99406
92492 96750
91641 90156
60685 78259
81605 85643
73932 73157
68708 55546
49811 66922
47506 93790
66807 83186
45851 52741
58374 96186
60145 82275
67245 58211
57764 89350
64423 78261
66909 53404
75801 62979
97012 83733
70453 49166
78750 58425
81500 79380
82969 86798
55498 82300
55858 62527
75319 79143
67602 48048
67123 56448
89452 54188
51255 93863
71546 98197
17618 6232
9975 -3358
7327 -2790
-9700 6389
-3827 5049
-8901 -6869
-17419 3132
-3193 12725
2863 -8546
-2083 -16309
9415 -8599
-14798 7782
14379 2116
4476 -9025
-1237 -13418
-5625 9627
3961 -6434
-6348 5601
-526 5082
17885 8285
85 -7031
10643 -7880
12581 13258
-10247 11688
-5667 -6342
3953 -5177
-10724 -1060
-7325 -6865
1255 -13132
-3481 -3921
-1524 3237
3953 -6663
3417 9571
-9354 17947
950 -4337
-8237 4790
2121 -903
-3182 -20580
13113 -10507
3454 13271
-12287 6695
10652 10374
-5961 16457
4349 -1840
-5221 -15073
-12109 9058
-4230 -396
431 1720
498 -3335
11487 -1510
-10169 11355
-3128 1108
6286 14775
11220 5085
-7768 449
-6219 15485
-7530 -7370
-409 -12835
4544 -4034
-6843 -11562
-2684 -7424
1025 -13487
-6310 -7869
-3455 -12983
-4035 4532
