86 58 8251
60974 93577
61629 110825
92421 86589
30705 78171
19500 60180
21305 32364
98077 33771
56839 104429
56775 69301
99685 113022
77381 32585
40435 96995
109503 80700
62818 20558
70032 28511
50732 57176
28725 59385
79074 35387
55459 87362
41939 84537
104226 35456
28860 60184
61844 87099
58479 58282
49662 54674
47226 62368
38280 52557
39265 56017
88290 43308
75658 80958
75432 37084
72414 106715
75288 93046
44977 28475
102446 51322
67373 62861
71179 54455
67213 88816
66360 41819
53095 78056
43247 66404
97258 55492
98550 36149
55485 60040
92729 50528
101000 80393
32479 86114
98953 38395
65503 48445
104371 79481
57738 29678
42059 82606
96812 84787
30788 86819
83780 73528
84221 110970
78844 99015
66441 94822
93180 75578
95163 30999
29512 63502
47008 76780
89820 57418
86850 63052
80100 50894
41431 65888
60433 35188
67405 82934
94268 96662
70863 94117
36560 19295
70821 87424
75059 37609
71952 104282
76384 45355
80605 80636
82499 74436
56985 92576
48059 34524
31303 71630
84034 97521
34081 49538
101725 38693
70401 64250
66872 92260
90039 94937
67940 92753
72432 91171
86095 82496
39254 69635
35367 51007
33823 38223
95365 40754
66559 96037
42903 70820
92459 95001
76824 34908
36193 93383
94831 75050
66185 34587
62333 39672
57161 63874
38461 45189
78898 49655
48540 79393
35572 84035
99709 34777
33571 50237
53009 89019
59493 59414
56242 62633
54313 46923
42854 55724
37073 61931
77413 34130
79060 87708
74872 40565
82134 88769
86254 85518
43756 35144
97440 37434
74685 61900
69676 60139
75336 89646
77253 38250
44988 80708
46267 70857
84934 60195
98388 39060
61246 53348
93273 55247
86284 91690
39172 73466
91421 44654
62285 56729
99777 96776
69838 35110
48513 74486
97142 90095
36492 90028
80430 77268
84960 96885
75605 81055
69941 86830
97458 86531
88536 45060
41195 79179
48115 68313
79606 51040
94191 76887
86555 65856
37390 52358
45585 34214
66372 81739
88506 98999
69596 96458
34162 34403
73874 70091
66666 40790
52420 99687
74165 40584
84241 80907
85186 92270
56087 81165
46151 41771
53376 91167
93895 97983
37316 51902
84819 33250
73025 60567
67219 80917
82520 85646
-5471 -5801
4279 9269
-13999 -1024
-1543 3133
1443 -16312
2093 13811
9971 -10267
4668 -2719
13340 6387
5646 8243
3022 -14160
-1158 5725
6860 10156
-3449 3624
-16069 2072
13714 1972
11746 9989
10203 -2345
1877 -6291
-2052 -10740
-2693 7293
-15778 2722
4772 -13170
6052 -2375
10253 -2854
-8538 9403
-5379 -6069
-4980 -7395
3132 1957
2016 -2692
10708 -9082
10118 -3650
-1643 2931
7318 452
-7590 -4431
-3678 4449
-2694 -4429
-7095 -5345
2131 3440
8162 7966
9 -6076
-10052 4870
-5942 -6906
-2572 -1933
-1037 -5622
-5884 -7804
-9438 -18753
-981 1340
7890 5461
5432 -11546
-14890 -1907
510 2077
3469 4227
-1760 -1971
3118 -7363
-5439 8510
-326 -2992
-3116 8108
