33 132 8137
16460 103969
35394 90118
72812 44768
108272 75412
62547 22770
80149 59952
45515 35211
75699 68882
25200 98341
91237 76047
83920 10013
75068 100452
27926 55486
81158 39889
63668 27379
65418 36484
109583 90211
80034 37625
36037 98604
78751 93279
94482 66351
12661 76763
36772 40715
79063 80160
34500 86262
53304 60581
67654 41114
96117 28149
86384 70688
40621 67301
16461 32731
80769 33148
100413 81291
24723 95039
44238 94260
65278 55631
97774 79725
60190 20530
83455 65482
36640 34092
72502 53591
25560 83317
97161 68815
91270 18683
72754 97127
39246 55760
87185 46072
65306 28552
67681 21362
99067 97982
72513 40930
30369 95123
81384 92464
84522 70937
16845 78420
37083 22165
68656 81161
31189 81604
47426 51503
62502 43333
90691 34772
98415 68596
47793 82633
18621 30904
90318 25016
97687 69282
-11256 -1282
2362 4569
12017 -9496
-2970 13435
-2710 -25488
-3721 -7759
7811 -3016
-442 -2988
-3389 11804
5045 2913
-13396 -9670
516 -255
7633 -6854
-8818 3883
6473 11341
-3003 3611
8792 3792
6543 -311
-559 -2711
-5189 389
4562 1046
7307 2951
-2990 -6462
-9974 2136
-6539 -15521
4568 1336
766 20986
-8742 -221
-5454 89
194 4844
-10745 -6002
-11696 11000
-13535 10482
-3438 1285
2222 1794
-16951 3037
-5543 -11629
-9867 4622
6449 9186
-13290 -997
6545 6286
-12209 -10805
1771 -6409
-2915 4186
2744 7268
9966 2426
2285 -463
14676 2545
-4913 3150
-5412 -10450
-4215 -3234
4820 6823
3037 -11554
-3327 2826
9687 -2539
3675 -6085
5194 94
19443 5229
-830 -8668
6885 16171
-3729 8483
-822 20694
-3313 -430
-7770 19018
7676 3296
-6175 -7225
1027 2327
2996 -1226
-6424 651
299 15574
-9679 6041
4013 -5901
7709 4449
3610 -11830
-14902 -5599
11771 -14237
5449 11802
-9891 7426
7367 -1873
6988 -14093
-8938 -11421
-12994 -5344
-755 -9156
-3494 4867
-3245 -4757
-2421 13242
-2757 347
-6188 5672
11970 13075
-7149 -789
-13698 2642
-8845 -3865
-1349 -2299
-5540 -2221
2448 14220
3733 5977
3883 9947
4320 6218
8937 -3561
6827 -1770
3436 -1390
13947 -11453
10809 2981
6517 12451
-3116 3342
-397 3126
-157 -1907
-1950 3377
-4703 -9414
-1949 -4867
304 9541
-12145 -12971
5661 4603
-744 -12248
5687 9451
-2850 -321
-820 -409
-4600 1874
8255 1335
-103 3593
-1132 8511
13545 -4777
11594 -13621
-1421 -9818
-8389 6274
-6408 5111
5900 1878
3247 3266
-8538 -2404
-16042 -3889
2530 6148
-4876 11573
