54 33 1393
37674 59578
72567 95029
100045 86191
57568 65959
72586 59531
62375 66490
94800 73413
67516 60152
60316 74680
99361 60013
82804 82051
48583 85696
71015 74742
82325 70753
89190 80445
44186 83736
53405 73759
96788 73809
62335 57729
69948 69529
62889 91997
51101 86981
40591 96688
92380 50171
72548 56916
85224 55587
51663 46461
44390 65809
80827 83906
66015 99435
52735 84399
81881 86794
77945 69219
69976 55567
49597 83956
93624 96104
61134 60633
71152 51332
93506 48870
40231 79844
84968 59060
88892 54761
69437 98075
86162 88470
81794 52049
57424 53814
55046 82459
42902 41940
52020 95669
76083 80096
72346 49780
46522 87202
53967 70364
85281 61220
39377 61815
73243 95022
98767 87212
57429 66730
72087 61628
64298 66547
96381 73355
69153 62119
57323 76975
98599 60033
85612 82643
50553 83012
73240 75421
82389 71477
89635 79093
43838 84555
51853 74030
96738 74011
63917 57541
72000 70566
61810 92259
53101 88052
40416 97791
93156 51294
71085 55361
82774 56232
52408 44206
43780 67712
82657 85217
64882 98316
52266 84461
80870 87003
77645 72074
69498 55682
49528 82295
94553 95468
61453 62311
73266 50719
92626 47257
42327 80384
87024 60126
87463 55756
69587 99013
88230 86818
82801 54746
57643 51112
57482 81602
43922 42595
52733 93790
75524 79434
72109 47558
47515 86794
55098 70382
86246 61943
-2976 1555
2128 425
-1248 -859
789 -573
558 -1098
-780 -486
1222 -491
-260 784
1278 1495
799 -91
759 632
-2037 2068
1083 2163
734 -474
-329 1982
106 -547
-1474 1733
-2237 -2019
-2006 -322
1597 -1339
-1043 1197
6 859
-2709 2221
-983 1761
-2339 -1276
-1301 -1468
1986 985
-1680 -111
1586 -1115
-1341 -376
-550 1294
3360 408
1738 -271
