72 78 6913
54610 64942
76517 45200
76914 91163
82583 38222
43811 40909
95485 35590
42667 87721
36511 50949
41718 98195
37741 64341
47108 48072
80701 72074
89773 88174
67794 57167
73226 77161
85684 44376
92650 43389
54349 44009
67228 91117
61911 37137
69180 58709
36964 98162
44678 51741
61794 90423
53170 75808
68588 93943
85124 94442
96901 100226
52259 75218
42219 43956
34589 47975
70452 61806
78541 43191
98499 98142
46878 96263
97329 102555
101724 95832
53295 57308
110400 74494
90248 62467
40964 85856
97555 95571
50664 108959
56309 78980
45881 56276
47217 40907
66331 75646
82736 77354
52700 63691
43208 33723
43619 45012
55181 79858
84058 78041
94615 74816
73850 41206
39486 74548
87318 53521
29675 71312
47100 87821
50234 44881
65990 51247
27038 65620
56737 36872
54586 59379
83008 40406
88387 71901
94782 103878
52290 61769
75549 60351
44532 52579
51828 42535
36669 75361
46434 68124
76374 51126
74617 90575
70594 38774
50369 47955
93636 39620
48346 90552
42426 49275
50623 95658
42695 67397
40179 44966
77233 62708
84407 82795
62991 57449
73055 81714
97362 46460
91503 35966
47768 42546
71295 92506
63427 44390
59564 57181
40447 83380
42759 55345
53442 95352
50885 74802
73645 95259
78295 83864
92961 90864
54022 77378
50473 45844
42982 48813
72763 60333
77647 37281
90748 81603
46196 95852
89722 99721
89469 93496
45951 65265
98553 78791
91900 62838
50380 88672
97845 89067
44380 97887
55034 73932
50952 57090
42809 36423
77941 70738
82293 82603
60605 63246
53753 38672
40903 49990
55939 68358
75797 71059
90173 75839
67680 48206
43107 88317
81313 58114
37064 74563
48399 84021
47956 52196
65137 51778
42181 64765
53831 41444
69215 59309
85676 42846
88409 79112
92806 99092
42105 58395
78997 66681
48342 48641
47918 42377
42976 67328
7309 12921
7444 10742
2353 1519
-5329 -2486
-4456 9660
3751 2142
-6275 -1542
-6015 2691
668 840
3160 12976
-986 1275
4758 -117
-1056 -5411
-3662 2136
4950 412
-6474 7655
3438 -3993
-4517 2570
1254 10293
-7804 -8186
-7923 -2636
5621 -1545
702 -2190
-2326 11887
8871 9276
-1402 -4474
-1817 -1889
3442 227
10806 -5659
7281 5485
-10026 -1035
-6528 -1815
3473 1401
-9379 9345
-7381 3045
14339 2767
9817 -2031
6256 -1368
-5719 7058
6729 -1152
627 4349
2999 8301
-3698 -2553
-5735 -4154
-5647 3417
2923 7585
-12318 17311
19821 -2356
-7175 -3264
4187 -3943
1567 4949
-1543 -13698
9063 -303
530 -6247
1689 -8838
7490 -8414
-9116 -6018
7960 5335
-4868 -7950
-3542 7039
6416 3735
10517 -3639
5761 -10819
-143 2537
-13364 9448
-1832 2076
5410 -10218
-2676 -1791
-7721 11679
3830 -1604
-490 -16594
1454 -5847
351 -7219
4380 10051
1074 873
-5337 31
3799 -1612
8393 12308
