48 168 3920
34382 63736
86162 53303
20611 21907
52574 64487
51649 76338
18980 46367
41951 53656
31256 91298
34429 95922
89282 84329
40100 87587
46399 63780
62579 48421
36176 34856
43646 9915
45177 96562
70464 20552
28056 70135
99414 92954
96220 32771
75798 41966
22755 94308
97830 83076
90461 85433
45601 87382
23230 15132
98270 98283
47585 92826
10365 89812
26731 64973
75808 20356
78542 92482
97306 29519
65012 41902
93272 25026
28099 37919
23015 21337
58760 93288
44761 105110
33919 70078
23087 75118
55703 34127
67578 45242
33920 39681
58826 19451
29705 89212
56833 35480
43851 83554
31939 65240
91995 55790
18747 19803
50399 72968
48670 70809
16791 50014
43237 55270
27663 84838
33504 87330
89277 80504
35721 89085
43539 62900
66418 47261
31062 30292
44914 15259
44862 99765
66525 17744
21784 69635
94387 93181
95843 34126
77495 47386
22220 98191
96761 86809
93103 87045
46814 88346
22267 17807
98983 98646
41171 96654
16239 89859
31060 62566
73009 21572
78649 83460
92873 31811
65933 40028
88034 16044
30350 44184
26234 21940
54601 94693
42879 99323
32646 66507
26460 75013
53796 31072
68789 46462
30943 45564
51117 22423
25007 87335
58812 36433
48477 80913
5671 -1949
-361 2478
765 3427
1509 -6565
-2948 70
-969 -3169
-3001 150
-6276 -238
1658 977
-393 -3849
-4751 5951
838 -2651
-687 300
-2199 -1251
744 -4812
3936 -5784
-434 -2047
3029 1481
6274 -2841
-7090 -1443
-4320 -651
-6107 -443
-4689 2822
7170 347
-118 8519
-1044 -6218
-2099 5725
464 -1395
-2968 -8365
-7110 -2528
-2845 -1216
5274 -5200
-5887 -2308
919 -5631
-321 -6504
-1070 -1549
1404 2312
-3653 -3182
-4605 -29
-1972 5531
-4689 5164
-5853 5553
4878 7289
5854 -8873
-87 1141
5686 -4970
-1108 2757
-3983 -1254
145 -4131
2470 -3703
-4546 2858
-24 -2642
-2472 -300
3452 1244
-2369 -2314
-8160 2233
474 -460
-482 2632
-741 -2107
7877 -2606
-493 -1726
-1187 4137
-2735 -11995
2427 9280
147 5190
5120 -33
1700 -280
7595 3724
1241 -331
-3159 -2973
-6299 6710
-438 3937
-2118 -2241
-5296 -3164
-6990 -5740
1310 6257
-2903 -1882
1058 4021
2043 5196
-224 -2551
-891 1319
1286 -3352
692 -5075
781 -1670
805 -4654
-388 43
-684 -3154
6328 5637
2802 -739
5498 1984
2428 1357
885 6520
-2257 2709
-5110 -2251
1798 1016
-4609 2470
-563 1813
9131 -6213
-5799 -861
-2739 3457
4959 826
-353 -3567
-2240 -377
-4038 1682
-1360 -4801
-2761 -2401
-974 -7004
-1152 2371
-3480 -1585
3227 -4719
-1002 -3156
-2564 1962
4269 97
-3990 -1013
-716 -5091
-4988 5779
-644 -2079
-2200 9665
2960 -55
3481 -44
1844 554
-293 -5579
-3140 -71
-6481 2184
2398 -3946
-3058 -5371
3192 5093
2178 -894
1226 -1114
-1337 -1145
3978 -3104
-1572 -1492
-3746 -4923
1572 -1021
2277 -8747
-98 -1995
5495 -2941
7643 6492
-1463 7275
3057 4786
-6962 1625
3449 1653
1137 1855
-2314 -1543
-170 -4967
989 7420
3955 -1102
-2048 167
-690 -3803
2417 3904
617 -6768
2339 2354
1098 599
1017 -289
103 4015
-1368 -832
5735 -1354
-2096 -4855
2686 -2248
-1950 -7255
2691 2735
2254 2261
-5627 -654
1316 6114
2115 2273
-2143 -4640
-414 -8914
-35 552
