71 209 5525
76509 69407
72494 79882
102383 72376
82852 98057
57194 62751
63253 75638
63768 101718
66954 47728
77248 90022
64902 96654
65950 52626
69386 81902
61113 67594
88403 72976
70801 85681
86280 52582
91889 67542
75810 60467
87089 92189
58548 77675
79140 84459
55775 69292
64354 67439
46962 73556
84041 77899
57254 71212
61533 55154
75826 90151
67554 100626
98618 88856
103104 54731
106900 54439
79727 109777
58296 98680
78314 68094
63704 102435
81819 78414
69085 97577
70233 96373
68546 84449
87202 83514
86513 53265
48778 49728
92961 52651
69583 60110
87925 48336
61814 92970
71758 64731
39659 58364
57969 95776
52692 85496
61158 58239
85661 75631
60937 60915
75304 68110
78055 78592
66649 91739
66977 88156
83979 91407
60657 60286
54982 58460
56438 69512
74023 77382
63673 82750
84993 89099
100920 45160
63637 60035
70171 92243
50164 83894
56376 96291
55287 98197
82057 68247
70204 86532
93487 76181
87817 97154
63095 67925
55752 75656
68727 99989
62022 51701
82706 95418
58710 95665
61155 53691
65691 77060
60016 68129
95989 63230
67791 89020
84883 57912
85002 67534
67307 68548
89804 92756
54848 84373
78437 86383
57112 59763
55354 63313
59616 74077
80217 75341
52868 70098
53535 53881
75568 94658
75741 86213
96704 96915
98317 55832
98339 54194
78211 98205
51035 86301
80282 70962
55326 94721
85841 86752
66500 94820
71051 99654
65969 90848
90462 79477
95002 55680
55535 56668
85446 55045
74065 61080
91630 49802
58387 96788
67359 72526
50884 51756
54177 84620
48926 82218
60887 51738
96385 75665
54613 70603
75122 67484
79484 80489
64924 84779
67446 94835
88274 87789
69851 60137
54455 62600
53319 67081
76636 82793
65264 87916
85716 82284
93163 55283
60033 67751
55032 88992
50039 84602
56603 94397
57268 90668
6511 16065
6550 -3039
-1830 -6150
6080 3161
5662 2739
10181 5251
22241 8230
-3152 -6170
7704 7132
575 9075
19642 -4618
-1969 -1265
-10194 -6834
-5246 -9598
326 287
242 3418
5659 -3122
-2439 -3842
-6797 3267
-12071 -8419
-1595 -6626
-4895 -3410
3486 5311
-380 -6402
-9837 3553
965 9421
-1034 1902
-7695 -2395
3754 -7130
-5048 -4524
-13319 -8232
2852 7736
-2942 -5725
312 5803
-6900 -2243
6910 7272
-1240 1038
2693 -6451
-1960 460
-10049 -3938
-8010 2838
994 -6546
1545 -1302
6337 1897
8519 -6962
944 -2760
-4959 51
-2588 -7930
-2042 -1706
244 4402
37 9757
-403 -4199
-3353 -1096
-4014 1534
-8917 2327
-3291 4117
129 -5982
10597 -3261
2374 -12796
-531 2592
-17948 -1849
2558 -763
7197 78
-7801 4714
3162 1263
1793 -5856
7340 -7125
-1605 -2648
-11943 -4024
-2394 -4999
-13022 -13473
7005 -2977
8616 588
1249 5526
2188 823
-4445 -3869
-4631 4189
-2534 1548
-998 -5867
7684 -2131
6244 -2812
1209 -10274
5794 -6627
269 7893
2686 -2721
2760 -6440
5635 7640
-3928 -6155
1285 3234
2916 5426
10568 -9673
2577 1287
-2523 952
9146 -677
-17010 5145
-3457 3867
-5520 4951
-685 -647
7317 -3433
12245 -422
2884 -1537
6666 -7226
2402 -75
-9270 -5661
1198 1034
-3294 7752
-7499 -8182
8953 -10848
3152 -5183
3288 1018
-2005 1707
7240 1105
-1558 128
-342 442
-4703 401
412 1700
-6488 -3389
12115 -10082
108 2293
1404 9525
1758 3350
-6229 -7131
942 3743
-1472 -9033
-3562 -1358
8214 -2242
753 4270
-805 -6015
5828 2228
-2936 -6595
-2247 -5251
-5383 12884
7284 5298
4698 -3469
6847 -2159
3766 7661
-2770 6702
3441 4184
-1659 1145
-958 10427
-1320 573
-3538 -5138
-7183 -1161
-3537 -2297
-8024 -10294
-5720 -3468
-3591 4489
705 3382
215 -5967
-12183 329
7759 -9472
1669 -3415
-425 -11905
-1261 -1002
1026 4655
-8168 -1570
-9159 -1515
-3342 -7261
1114 1150
1050 -5902
-7402 9677
-6326 -6512
2542 2440
-4559 2501
-5279 1047
-6138 -5076
-5910 1041
-2608 5987
3362 2806
2682 2462
-4774 -8518
14999 356
8894 7556
8103 8313
1865 -722
-4072 4015
-4352 -6450
2418 6364
2958 -1689
-10240 4244
11547 -7172
-4564 -11518
-6411 6467
2732 -3054
4620 8742
6114 -4074
-2017 5670
9318 5338
6301 -3188
-2964 -731
2159 -693
1518 -5386
100 -9691
545 -5706
-5675 675
9011 -4946
-4915 7924
-10301 -100
-8245 -3817
-942 5069
3211 8494
5882 -7431
537 5943
2164 -5972
9557 -1062
-4137 -5333
-2745 -4090
-9993 39
-8585 1770
