40 26 1259
81083 91694
43014 93032
44358 35563
33104 45813
15160 42209
74304 32670
33809 66282
39886 79235
48035 84217
40449 35058
93339 30138
96272 88881
57396 32379
65876 53752
18569 35830
31750 84425
25193 81501
71595 84314
37977 51493
70920 55653
26866 69900
16623 50923
52206 17605
57345 16696
14488 45655
37581 86716
83978 39853
49667 51978
24755 98742
25008 38844
27230 55387
45736 18056
36948 53121
65197 93429
82464 94731
65844 82040
94243 83942
59312 78456
51410 62733
38236 90053
82035 92533
43070 91697
42790 33912
33046 45134
15546 42655
72432 32561
33190 63998
40320 82042
47685 85067
39899 37648
95047 31501
96307 86494
56927 32283
67565 54250
20650 35624
32948 82157
25507 79925
70034 81931
38547 52286
71341 55915
28195 69609
17764 53396
54252 18728
56911 16475
14593 46443
38029 87182
86605 39480
51471 52260
22715 99943
26316 39403
27307 55732
44654 18018
35600 53154
65386 89418
81195 93904
63374 81988
93489 82287
57593 76572
54394 63401
37797 91663
-154 -61
356 -1627
498 1529
782 -2666
-447 -337
834 1504
1334 -51
-1369 2658
458 1158
463 -151
1215 1230
-1831 1564
73 -1236
1404 -668
-731 -2425
-1477 -1019
1982 1519
-2098 740
-375 718
-633 425
-1155 1802
-654 384
613 -1452
1096 1283
439 -96
2855 -1362
