71 254 2873
34571 65362
62166 28674
54593 70668
24698 76920
46746 50049
38324 27354
31918 36022
57696 91834
36460 81311
64482 75557
52119 79110
75269 59770
67630 50398
40349 29295
69383 47178
38803 46712
64289 51581
70651 89111
74935 27005
42558 93847
54206 86159
62407 84079
47699 60190
97985 10355
36790 25964
72971 78562
18253 94959
13288 90443
41325 43259
89486 74033
42536 83406
16574 72278
27283 43707
81132 32013
95661 96276
29947 64596
19947 52756
59833 19932
47990 94678
27486 58736
94163 64687
26041 23756
22674 66835
24598 61830
73081 80070
69395 74056
56137 23454
48326 37925
63889 13930
28420 22176
44187 30991
91862 37581
95746 14859
41924 95849
62105 47789
71221 68644
68489 45629
19429 90270
52672 81471
89295 21996
50247 36514
10579 92197
37828 36157
19644 23133
31366 34278
97815 40582
72826 61443
24194 23150
76762 49985
31725 34483
59618 63160
30393 61131
61590 33632
56521 70242
20588 73917
46337 52002
36246 23053
30720 41253
56318 92712
36644 83744
59741 78827
56027 80526
78935 58423
64651 49936
39953 26773
73404 44460
40108 47793
68275 46625
76362 89111
71608 28547
41244 90786
55874 93808
61000 84015
49944 60398
97054 15028
33953 28678
70641 78832
19436 99598
18996 93794
44016 46195
93500 75631
47137 84066
14746 69060
24598 41960
80188 34126
97746 92376
23828 64104
22067 51846
60915 19995
48202 95672
24090 63224
94042 66996
27223 24375
20872 69743
22697 66341
75298 79145
68285 77097
57653 21876
44055 37067
62185 12879
27956 22883
45485 23600
88882 38189
95060 15535
39613 97077
64224 49913
73582 68655
67630 50372
19149 87745
46945 80441
92962 16185
51166 36456
12873 91514
40859 37255
21178 17439
32594 33888
99733 42137
75608 63831
25105 22305
79619 45496
29428 34588
60030 69695
-311 -4293
-5736 -573
-1064 -3703
-834 -584
-909 6196
8204 2438
-2004 2868
-3465 5620
1137 2539
862 822
2541 -4949
4066 2393
1056 1128
-556 -5663
2846 -640
-2128 2571
-2775 1753
-1361 -1065
-829 -2687
-3706 -4009
646 3122
-284 -129
520 -2227
-1337 -4258
-375 153
-2591 1232
-1032 -1734
2191 -1599
1104 968
6644 -2929
2788 165
4975 3957
5651 -63
-2190 618
2812 417
-4618 6
1834 690
-338 903
-2946 -15
-3309 217
1415 -1359
-3299 7825
4324 -2460
-4905 -2408
3345 -73
1188 1706
-346 1851
-4480 -944
2136 4342
435 -1860
2525 2327
-863 -615
-2654 -4156
-1916 -1913
-4393 988
46 -345
-3367 2935
1915 376
6870 1386
4102 -25
2315 -2142
-4745 -2812
2732 577
515 -6522
4009 -3306
-3335 -470
-213 -2646
-1201 4856
-645 3610
-2727 2113
-743 -4357
-1826 -623
-2417 1884
5253 1811
3870 -371
-1770 6373
-910 7010
-3000 6943
789 2724
2716 3818
-179 3734
1541 -1103
1821 166
1435 4523
935 1564
-666 2745
-5144 -2207
4077 148
1773 1575
1013 -3649
3234 252
-1110 2725
2081 1351
-620 -282
-4667 1525
-2397 2403
997 -2482
-5405 -2614
-798 -1168
-1655 -1861
-5232 3271
-2628 1544
5791 2379
-186 -1585
-4540 1525
-2482 -463
3960 -181
-1378 -1210
-68 -522
-3538 -1017
3060 -1899
2098 354
1146 895
-864 -1190
5424 3877
-3617 -285
5806 541
-2075 358
-1577 2326
-4681 6101
3378 3016
1433 2330
583 3342
2671 1369
3304 3269
2719 3471
-4 2088
769 1484
-1455 -527
2530 -615
175 2135
1413 1353
2232 -2896
1948 4174
2920 3333
1195 -1337
-2385 -3509
1727 3257
3688 3871
2957 -998
4934 1954
-4639 5001
-1877 3411
1213 -1604
1429 -2338
3470 -56
2049 730
1221 4426
919 426
-232 -2496
8 -113
-614 5777
-4686 3525
529 5154
521 458
1402 -1995
-1682 415
-1849 -3469
-1495 906
4114 684
6052 -328
206 4312
4059 1428
-6349 -4791
-367 -1460
234 -2945
7069 -4725
684 -729
-352 -1962
2315 1064
-3419 1945
1572 673
-106 -1269
1580 2343
-4549 -1775
-4736 -3295
-2322 -2606
957 -1060
-2698 5100
-8050 1411
1306 -3462
-674 -3675
1205 664
-5416 -3116
203 3948
3055 -3979
-1079 -3648
-617 2089
-3383 -3688
1735 2660
673 -2777
1678 -1907
-4899 7872
-622 -2405
6332 4688
-3384 197
-1453 -1213
4585 -4762
-27 -136
345 -2316
-1865 -4594
-4921 1073
-641 -3245
-232 -6158
-2262 1645
-42 2714
-2495 -1376
1639 -1764
1639 2388
-5329 -2158
-2423 2218
1651 2880
-2769 -3758
680 333
198 -258
-746 804
-398 1558
-648 1388
-6110 -5333
2353 -601
1260 3780
3825 -1502
-42 177
3145 -4035
3052 -275
-1862 -876
-5112 -1948
6782 176
-1684 5108
-2071 -1465
-1959 -6107
45 1268
2795 5121
972 1303
-102 1017
2213 716
-55 -2432
-1516 -542
-831 191
1986 164
2713 -4804
-773 -489
-566 4359
-6658 -2147
667 1339
-154 2865
-6018 1427
3026 -2966
1683 2814
1949 -1346
2419 1829
-152 -1758
634 1114
960 3453
