31 56 2304
39098 68527
43198 72813
39390 39923
66891 68554
60262 52945
65963 72587
79736 90533
83363 85717
54859 55654
70466 99453
63564 76352
80676 59570
59763 43869
40237 69329
64788 92326
79003 92851
92919 57568
92009 54320
72655 55499
70857 65165
79576 70339
43049 82369
84623 49978
68476 91179
47516 40216
52498 97989
98184 88248
79553 68890
81498 84300
98203 41812
75566 77391
40130 68602
43061 72961
38774 39839
63310 67128
60568 54398
66885 75109
80641 89595
85067 86335
53845 55068
70345 96528
60804 77119
81805 59059
63377 42334
40406 70516
63538 93165
79149 93898
92440 57747
94664 58423
71198 54285
72557 68409
82409 73825
42524 82480
83591 49350
70104 89818
48027 37894
50110 94528
96141 89066
81663 70151
83307 80047
99477 43226
72312 78976
-346 1922
-2233 -609
-1956 1851
-2817 -1360
776 -790
1361 -4056
179 -1001
2943 -3269
-648 -937
1169 -794
1115 962
892 -881
821 -3673
-2873 4449
830 -36
2937 -2336
-2022 -751
4597 884
3838 -1994
-2862 -794
-4010 -1202
-5113 836
-1799 -3260
3610 -203
928 1911
4765 3466
-3098 -3802
2433 -39
-1650 1008
5673 -316
974 -1965
2758 -1812
2697 -2008
562 1857
-520 3211
1342 -4614
177 -1278
-382 -510
1895 1615
2378 681
-2486 1250
-4544 1296
1697 1547
3413 1228
-1319 -2254
-1656 -775
-2726 -467
-1466 -1124
-1534 -135
3727 2438
-1867 -670
-2842 820
1042 -513
284 6161
-4617 300
-662 987
