70 84 3850
45619 56586
58753 81401
52306 70649
40395 90209
71126 68108
51292 56364
93049 46487
46399 73508
80041 45888
88916 65349
88481 40397
65407 77428
65277 62001
95683 95192
37698 59328
43583 52582
80062 74593
94511 29802
89307 65987
56122 47874
57519 65641
94631 64761
85539 41083
61425 82280
68654 98406
45489 76875
85202 96462
84139 44561
79608 58316
37101 52077
95890 92667
45072 96685
46870 69967
54279 51651
65483 85235
72123 83460
52920 84882
75225 52728
82248 83935
100862 73950
91767 39709
84039 71789
73115 94736
55637 47580
67516 40415
67143 90757
87212 68812
66411 92611
93078 46781
50526 44914
60088 47137
96685 84578
48502 93050
47060 99162
42958 44804
99922 45722
73110 49182
99520 49798
59723 42982
100011 69222
74997 97169
90644 34566
82917 51666
73383 58543
72888 60721
47275 96686
84686 54889
82274 96102
51276 66847
66827 78946
46071 55883
57695 74150
55549 63367
36998 94379
70067 72344
52321 53856
95713 45879
38008 70908
76473 50469
87684 60746
88898 42586
63851 74769
62796 65632
88992 88000
40424 59446
41086 44500
82285 71235
89446 36087
82308 59754
48229 47753
60947 68718
88843 57980
86366 41710
58681 86968
67159 98749
49013 74377
83583 96796
77552 51398
72824 61046
41170 48720
95335 99923
51788 98013
49775 70704
58236 52062
71591 80871
68099 84118
54850 80385
73452 49860
82997 87730
98297 74421
92513 44814
85601 70307
68663 93801
58833 43801
69187 38969
68625 91265
92844 67278
64687 89339
90441 43587
46903 46512
59937 50985
92809 86251
48395 88238
50837 94697
42376 43401
96708 42303
79450 49714
96321 51624
59358 44787
97121 67237
74201 95212
87282 37472
84017 55249
72067 57937
80292 69162
49233 92917
81736 52646
84470 91689
45737 67409
68108 72633
454 -2305
-6312 1366
-244 5661
-2778 -2104
-770 -3547
517 -6493
-2353 571
2527 -6390
1394 5687
-1771 185
4321 196
-2012 -2602
2598 -660
593 4142
287 -1866
-4256 -6994
1962 3464
-3891 1106
-798 -3072
-316 7
-8090 1965
-1016 8718
3867 -2908
-3378 4418
-8081 -1889
-4812 -3504
-7136 -5354
-1442 678
4402 3583
345 2304
-2288 -2867
2657 341
2566 6712
-71 -1967
-413 -2069
195 8960
2412 354
1443 1347
-4191 -3988
3525 262
-3526 1639
-2870 990
3058 5818
-1068 82
5622 -1327
-4306 5549
-514 -875
-1942 -7486
-3202 -5297
-7544 -486
-3634 1164
13157 -10304
-2924 468
-1316 -4004
-2617 1232
2085 738
-1657 -2424
3833 -4735
1091 -3161
-5836 -2877
-1424 2374
-1421 -2495
1276 1698
3793 -2124
539 2105
1277 -687
-2938 -8253
-6014 91
-4154 1131
-5466 3733
-1706 -4500
-1832 942
4848 2708
-2096 3056
-1208 320
1763 -1260
4354 1761
-390 -5955
1412 3686
1947 -965
-5027 263
-4601 -3807
-816 2571
-7883 -3437
