97 146 2770
68558 67847
90624 85008
53549 94883
68187 89455
51722 32754
89555 62992
36374 84747
49025 92026
38259 42837
74937 67658
81657 46479
48434 87239
57312 51209
54107 33865
71644 56131
38384 36998
58200 68098
76499 73492
92495 56594
51849 57725
87106 64517
86835 41125
71923 55027
65560 80437
32308 32975
48562 54213
73221 30260
66615 29077
48194 70803
30652 85321
91859 35382
96091 50826
75264 59512
51339 28711
79057 55224
80639 42450
72319 52894
35975 77540
100556 65630
86083 88010
36641 76966
82444 63918
74286 66557
48574 67619
64439 29349
86586 39357
39981 69568
44293 71893
33196 71498
66384 87341
53950 96735
66050 96962
74522 39252
72340 58007
94711 58467
50544 45007
87639 80197
78753 65802
60770 62036
52607 37974
71632 43808
78522 93735
82835 94813
91222 94951
34521 94778
55926 36036
52275 58900
70273 36390
53219 30625
66158 77009
55276 94528
48743 94931
33412 28860
50462 36904
54984 92227
36758 93149
103186 92442
59759 63811
86115 94645
80282 31445
76256 74964
93451 29386
98882 40721
66570 96570
60679 97734
58406 58844
102679 61925
73792 35445
60455 77207
98598 47815
28703 28668
53454 37055
51449 87105
37059 87807
55210 33175
53949 80113
40515 45709
66981 61969
93077 85015
56249 95801
67535 89163
54361 38740
92810 64858
38211 83889
50746 90579
39569 44012
75874 68822
80105 48781
47131 93057
53452 55126
53317 31104
73379 54951
40683 41085
56761 68330
78655 75327
95480 56294
52847 57820
88424 68208
90858 37526
71903 53934
63190 82316
35402 32571
50985 57742
71202 33454
68480 30232
46533 68577
31478 82077
94221 34001
96232 45907
77508 56740
51436 31323
79205 56115
78236 46204
73425 51313
35863 79593
98682 66527
89298 92651
36202 79044
84123 64991
76549 68321
42098 70582
64584 33341
85646 39248
38747 72520
45474 71807
30686 71872
65269 98029
55908 91799
61614 97779
75804 35558
75064 57885
97058 53152
51846 41515
78098 78965
81059 66869
59478 65734
50220 34785
72559 42397
77735 97263
83627 92521
93575 92176
34966 98479
56671 32704
52418 60261
66434 35839
51632 29586
61764 78078
53695 99787
44985 95199
39260 31673
53780 36677
59489 94488
35261 95773
99714 94671
58406 62219
85126 92020
79899 32469
76756 75362
88300 29562
95388 42924
68067 97083
58606 97718
58568 64084
99580 61966
75246 29971
60166 73954
94378 46214
30136 33324
52980 37351
46783 85247
37023 87660
53542 33374
53633 80643
39419 43624
-1389 -370
609 2260
-1337 -1492
1092 -1770
-4265 956
-1565 -1786
-2320 7268
-743 -1331
2631 2752
50 -3523
-3341 -3391
321 2042
655 3733
-1304 -532
-267 418
907 2065
-17 -3260
3070 5107
2625 1214
-1870 1412
-5217 1904
-2185 -2355
1691 -289
386 -3069
1304 -3437
702 -294
-40 1726
-2577 441
786 -2020
-1459 -999
-609 -3015
2169 2534
1972 372
462 4846
-1841 -323
3502 -1927
2724 4745
-1064 3543
2411 3708
1448 -553
1237 3459
-1189 1018
6814 -2510
-558 3112
697 -1038
-1942 -1329
1021 2232
1430 -1088
-2514 932
2535 330
3109 -3636
2777 -602
637 -586
4252 2865
2090 -652
-1235 1349
-3523 -2005
-2572 -149
4559 -708
-3390 968
-1716 -1748
1832 -6137
-4039 -698
-2884 -1285
3999 -1294
-2002 -1750
-1533 524
6292 -2712
-1182 684
-977 3771
5566 -2650
537 660
314 6365
-1780 886
-4385 -2387
-4454 3117
3367 -1941
88 -2408
780 1061
1852 693
820 3940
1515 3728
2652 535
977 3944
-4903 1155
-1266 1365
435 -961
-824 1135
29 -1937
-1136 -140
2660 790
6022 -146
3850 -4047
4815 -889
3800 -3770
-4224 2971
-1786 2551
-6335 3782
1610 711
-1151 4840
3567 2509
-1165 -1520
447 -2127
-1934 -762
4088 298
2142 421
-2800 -2646
-2802 -4899
71 2388
-1423 94
-3170 -3383
-427 1711
895 -1236
-707 -495
3017 -516
-842 3679
4815 632
97 -1971
-4435 -3516
2884 543
1043 -4219
3376 -1319
775 -487
-1307 -2666
-560 -2331
-1948 -3434
1831 -3113
666 -57
-865 4464
521 -2661
-165 1484
1294 2096
-408 -1390
-771 -3323
76 904
5911 1959
961 627
2614 -1745
5476 -1518
-337 1387
-776 -4409
-4622 3364
-3047 2129
1884 1769
-309 -991
-1728 -1588
