44 72 8473
98890 57165
43915 34043
36977 44146
88967 82602
66005 89236
31828 37031
29118 46944
80728 38036
45391 29920
43408 66993
54271 19114
83018 40388
59018 105679
48386 19802
74864 51248
67265 107105
93807 56394
56458 81216
56564 86586
89426 67925
47824 61224
86658 63149
49056 66615
39424 60819
34104 35712
37645 64594
41992 62664
104664 39830
33525 70978
44537 98692
19614 68332
69175 30811
73084 94343
60888 55443
43303 64660
43293 32994
99241 77170
35150 47300
26266 50048
94665 17643
70610 65430
36374 77174
35552 98243
72675 38245
99996 45931
34266 33468
26249 46037
78243 75600
72398 86183
21995 25691
40826 38361
81672 55100
62306 32625
44855 66064
49296 27226
74768 40078
58692 95031
37260 20094
62150 52280
60129 98781
90537 74600
54201 86291
53738 80662
83981 69218
34556 56340
90815 65496
48927 89957
40195 56561
42058 42266
33689 56490
42355 50297
97485 39996
29662 80588
52018 90401
18405 67862
60908 28685
71140 92140
59487 66691
40478 68764
33531 24279
97071 80593
25685 42511
20277 47958
89498 29970
67609 77065
27652 68336
27483 90570
55123 36399
1840 -1212
-8407 -1736
9170 -14955
8929 2268
15377 9973
6319 -1356
2416 6778
-16414 12038
-5799 -2161
6886 7435
250 -3575
3895 15061
4983 -5993
-1519 5355
-14315 -20671
-7365 1959
1501 4430
-1515 3328
-2744 -4526
-3412 -2721
-1315 1256
-13533 -5829
-6352 -9220
-6811 2058
-255 -3693
2378 3652
7267 9531
-3580 3544
-5803 -4574
-7662 15808
8578 -8111
8858 9235
13373 -1826
-9117 8068
-1510 14015
3594 -2298
3839 -3637
6694 6856
1426 -10861
-373 -3502
-6547 -9181
-4182 -8010
-1947 6038
-3595 -7801
6778 6866
15669 -3426
-2489 -11506
-8091 13839
-3489 -2838
-4156 1142
4295 3114
8675 14287
839 -8424
4277 -2715
3080 8484
-1383 -1634
-7511 -20088
-10151 -1886
846 -16009
-16670 -22
10194 -4662
11222 -2722
-4566 4090
5542 778
-41 8831
2172 -3482
12705 8359
-16171 -4609
-6985 7372
13617 15487
-14314 1631
-17074 -8162
