30 28 1114
37223 61407
74906 69128
36680 84096
61718 70659
75975 35017
34596 76590
45811 98516
63784 81174
93844 98200
36340 92570
36598 37123
91904 51411
34103 30572
66337 34684
32759 64748
97651 83847
78219 60229
65770 84428
50955 51096
90708 76802
96728 83645
57675 68660
40083 45975
85141 76354
68810 49078
95873 79266
88482 88549
91087 95787
82504 68974
84042 54080
36485 61564
75320 69883
37720 84316
60530 71982
77149 34026
35951 76525
46294 97872
63741 81293
92708 99085
35959 93169
37436 37038
92221 51218
34056 31298
67418 32895
32622 62824
96089 84116
77972 58900
65437 83500
51710 50433
91729 75862
95569 82290
56987 68348
39756 46925
86491 75582
68039 49415
94549 77596
88547 89235
90179 93765
82632 68027
83400 55745
309 -366
-857 -1354
711 -173
-2090 295
-568 714
-201 -974
-94 400
-1961 -1326
-353 -677
-2032 -1760
-334 -250
1131 202
231 -1274
-253 -1441
-2423 -1082
2094 -384
-1818 -1114
-771 579
228 -799
604 891
-1267 -724
-51 699
-1715 -1345
1507 -728
211 1133
-41 579
-948 -237
-956 -1670
