79 290 2644
85580 69990
90918 44384
63622 89123
84505 51115
63299 73899
54654 81265
95105 49406
64529 101788
88561 65062
93128 56736
52592 97508
44605 52469
84750 81306
74357 58177
83116 93351
91704 86987
60705 70954
82916 44700
52768 39974
58520 74621
50173 96985
41133 91399
80979 51833
60619 83212
79536 72817
80282 73219
46721 43515
48149 78476
86270 87157
50829 50616
87383 48169
91358 82656
92427 66660
58187 92000
51031 45655
93581 89650
56236 54071
42731 57146
78043 85129
77124 74480
56009 69556
57009 88526
64565 44321
43089 98490
88834 71676
94282 98682
78916 63835
53072 46994
76336 91799
98733 56777
90047 74239
69357 89339
88929 71518
74008 43621
68951 88243
55286 82363
68933 44156
43936 85606
75873 55554
44965 70458
80334 50384
75268 79989
42542 55665
60188 67827
72150 49278
74921 100609
91812 67959
58798 46031
47854 36519
92175 59378
58128 97348
74949 84139
67333 92931
98138 97072
97407 50286
49552 51984
86544 88834
64394 86635
63997 82736
87241 71311
93170 42681
61701 94918
82020 47788
61362 73485
56242 81273
94894 52750
62877 98812
91517 64198
90462 57647
52064 93571
43021 57811
90945 77641
69749 57579
81055 97562
86636 89165
60712 66150
81153 46811
52551 44087
57199 76143
50725 97031
44344 94658
80320 46806
69924 81023
77604 73404
81176 74654
49575 43315
45998 81000
82272 86239
47184 52786
85054 47271
89819 78385
88977 69410
58750 91533
48096 45802
97257 95462
59832 54535
43252 58512
77549 84886
79135 69757
58657 70261
56835 88411
63590 45174
47086 93116
88392 71803
94945 95249
79980 64602
52932 51911
71932 87765
96147 47069
88494 69140
74156 85083
93611 75941
75248 45032
68325 85208
58579 87908
69558 45673
44883 87944
77541 56523
46809 72371
80897 52734
78243 86225
46390 58335
64243 67745
69995 48828
70797 99067
90059 65166
60323 44486
48319 42910
89952 59907
64036 96599
77161 84199
69823 94217
94966 96808
97581 55182
49366 52833
84317 91576
62775 85807
61690 84138
-3263 -1150
2002 1240
1022 2774
-950 -4562
2068 68
-3767 -3134
1291 1270
-3151 -2860
622 2656
-1540 -1412
-607 -1424
-2257 -584
-2923 -3302
-549 1325
-5093 1637
1520 2109
-1480 1206
2650 2869
-3114 0
-1794 2334
3529 938
1502 -1934
1525 -2320
1067 1259
1737 -2424
-2503 -809
-790 1459
704 -3434
-2923 -1231
572 1509
3701 -1361
1456 1741
514 1733
7600 -3119
-3592 -2992
5647 -5535
-2445 5880
258 -4979
1325 518
1342 1579
2724 201
1206 1474
-3005 -2354
4378 -1419
662 -1015
3221 -1016
-5807 2834
4848 -2565
-1158 3769
-5 954
-4767 1595
-433 1258
3090 -2630
2003 -883
3800 2514
2633 688
5320 188
-4253 -3316
-716 295
1834 -1601
-116 -383
271 -116
548 -2129
-366 6669
-2639 -4203
-5957 2843
2050 -530
1078 2407
2709 2478
3643 -535
4787 3392
-8018 -2706
-3910 4626
2087 4927
-4689 -2231
-1454 -1266
902 -1764
78 -3771
-3568 2181
1406 2993
-3047 1893
1080 3599
-3957 1935
-5318 2695
-1305 -186
-1958 3002
-2513 -895
2686 901
3580 -2261
-890 -2873
2875 575
-1364 -2242
-2099 -3224
1716 -3343
5414 309
1489 1879
-1602 -2052
-342 582
-755 -747
108 -3579
174 -311
-2991 247
4307 3094
3633 700
-668 -2622
2505 2589
-2710 125
-598 4328
-62 -3030
216 -433
-3209 1739
-2927 -997
1681 2587
4122 -2635
1214 -8699
-4799 2490
1100 1351
-1211 1664
-2886 1110
841 270
-732 -1732
-2557 -1022
2994 -5290
-650 -4557
-1073 -2592
-926 -3085
-2723 3844
187 4122
-3254 -2198
-705 3728
-216 -533
77 1851
1862 676
143 2331
495 2189
-1930 -2384
7332 4406
-1380 935
472 1596
5250 -4547
-625 -763
3567 813
3348 -2564
-1029 -2346
117 5768
-3891 2676
-2653 1999
3761 3924
615 3666
670 -943
-1199 -1263
-206 4080
2123 686
-649 1593
3164 -1651
312 2805
1127 -1406
-8814 -2599
-5382 -1847
798 724
-4630 -4547
-3352 3684
3706 -427
-1955 977
6169 20
-2197 -2227
3922 3708
3355 -4313
2443 -3419
1596 678
-860 2722
-1228 1491
-924 -5789
909 -2390
-585 1098
-4247 1839
3860 3581
69 2506
-2299 5784
-310 -3782
872 -1519
-1980 1609
2515 -516
-3135 -94
1721 -591
-1782 3644
3941 1020
-174 1009
3604 5091
-3 -3153
-7332 1016
-3184 2059
3370 1886
-2135 1060
-216 5396
-3215 -2948
2023 -3378
-1395 1567
-976 -2699
5094 -2209
749 -2905
2920 3598
3195 3881
3741 -4371
414 -2907
517 2388
375 4674
1323 2291
-807 -2903
1834 2066
1696 1881
-281 -1373
-1986 5859
-2595 -2476
1733 2342
-2172 1912
-3094 -4504
-882 226
4697 -640
307 693
197 1754
-2150 91
-6249 -3976
1115 -2644
2661 3107
-1331 -2708
3718 1332
-1840 1173
2359 -2096
-5899 3873
644 784
-6519 2399
3515 -856
-2473 -4437
4636 -3662
2105 -680
-923 3053
-2043 -5573
-349 2955
-1220 -3712
539 378
554 -546
-1565 2040
-2026 5161
798 -960
-1369 4798
112 -1180
-3071 3094
1479 -1582
-2435 -2122
4071 -230
-3024 3675
-5253 1202
-910 -2574
1411 132
417 2670
-579 322
-1160 6676
-2231 -2002
5586 -1090
-1985 5340
-2877 4330
162 2654
393 -4607
7285 -2944
3782 -1939
-1725 -818
1695 -2471
-1485 791
-108 801
817 2068
114 1612
2863 -2565
-3952 941
-2548 -2799
2586 1032
-2580 1380
4524 479
-1159 -6179
2449 -1417
-1008 -2450
2471 1094
-4661 -63
-158 -3546
-95 -391
1302 887
1386 -2719
-5171 206
-1159 -4048
3678 786
