90 103 9383
86424 39362
33238 71938
43290 86764
59338 49710
72598 67212
24981 71539
13092 91845
11747 66117
72217 97886
70808 86335
71566 29438
32549 59289
44998 31656
39194 102129
35369 17694
13169 67765
35890 78756
54860 21398
40264 41311
80168 48781
48532 53708
86129 63913
25100 68642
51410 35042
61046 25170
83283 79444
71310 15125
38989 72549
91039 35431
77906 34382
84886 40790
46224 76504
60624 79759
82097 95906
78125 37435
79227 53570
84981 19640
66733 73133
83742 48712
31288 57745
58342 55687
83582 107112
71437 47122
39025 94903
74184 78418
63544 42442
39528 36680
67745 72993
60392 44085
39947 39760
16362 17471
14513 58195
45417 37809
87003 42226
49919 75516
21980 23661
55011 65574
40546 98415
45251 72090
40104 39476
92327 30982
20267 76126
71096 46258
43844 66946
37206 39384
49252 16938
111750 38500
21394 49464
55139 41218
36666 73641
90489 84656
33886 50186
63874 74981
26821 46852
83883 22286
25586 76081
33861 83790
72552 48237
23381 88464
79355 70385
89492 29684
116075 110239
51231 117519
42642 44491
31625 43704
75011 70229
26717 65544
82666 44762
92172 96711
60615 94698
89158 42517
37828 64811
52859 92181
53627 50603
67565 71131
30917 75904
24386 71711
28801 54158
65707 96818
73420 91302
67893 23529
32502 49774
56853 34064
24289 83949
42876 21018
25309 64643
41636 86736
64163 30753
43518 44301
60611 56645
33588 51076
87888 68619
24791 67872
61338 35550
72826 25318
73101 80850
75080 23881
43462 70035
78809 44989
82158 31348
84084 41383
45085 72103
70232 78612
75417 89866
84383 34269
77607 50082
79126 24463
67151 58575
75586 54709
40757 68567
49984 50287
77949 99330
52190 32989
46260 81920
89762 87644
69139 46257
30799 44941
66321 66363
73660 50905
40466 33906
23093 23402
25479 55710
45338 50756
77516 46206
43614 83871
42670 29127
55875 58912
39955 99496
36800 69994
49343 47367
89205 34210
26121 76010
64755 40816
32175 61308
21451 46311
49333 21720
97662 45132
22081 60824
69589 42783
28229 59560
91069 86412
23940 45425
64590 89276
23754 42574
83994 26882
22279 74549
40850 65189
81110 53394
29001 81546
90124 68313
95016 22302
99243 99543
48181 98857
34467 28036
28089 36437
68634 82378
21831 65389
95952 49437
93773 90654
65471 95038
-9617 14185
-4152 -7451
781 -7553
750 4367
-375 5250
5732 -17452
3802 2909
-11971 3680
-8121 -1375
-5008 6418
6776 -20537
-10613 -6288
-15421 2124
-8328 6090
2156 8399
846 -12551
-4123 -170
-4450 9371
15351 13680
12852 -2983
9105 -9574
-1612 3140
6901 7017
-2034 -9611
2533 -4506
-12645 -19273
7624 -12433
4525 -13400
17139 -15681
-7715 -8416
-12376 -6608
-3994 12108
11964 3989
-22243 5767
18715 -2833
3018 958
-1900 828
-779 -8461
14526 9215
-7805 -8999
-13957 -72
-12875 28747
-61 -5560
-7955 2979
-3444 6297
-5855 -1103
-799 2676
-2432 747
13155 -272
-6238 2262
-20773 -3771
-6853 14569
1131 -11845
2379 -26538
2790 -8429
5489 10180
18921 -2214
6757 6473
12156 -7890
4978 -5840
15546 -6552
9627 454
4470 4899
15349 4918
4308 10009
-10441 18954
4340 5704
4283 5283
2365 3113
3899 -12191
4532 -142
9669 9735
358 -5122
-147 679
-9699 -11368
-4849 4324
969 6423
439 -14571
-6728 5628
8922 -10745
1620 7858
-2790 4638
-712 2262
24231 -7605
-23800 -6136
20567 9925
-8606 -9976
8824 -2489
11030 13021
-1729 7364
6343 -8418
-15049 -6650
2870 1823
268 -1679
-3755 -2060
602 5795
2127 -4108
7641 -4296
-17549 6263
-14039 -3802
-6272 -3019
-4907 -4873
-10852 6206
