74 182 3924
42171 50513
96905 51843
16647 12220
49404 87830
27525 94199
93589 42427
52548 21555
94151 57670
15652 30252
91790 55892
32184 10596
24817 46425
90118 36566
26587 43413
74575 55100
16003 61813
88688 29999
68326 22984
96745 89172
21995 42898
62406 56061
33334 105864
83211 76335
33618 55792
35977 77453
90305 92256
71924 72774
17087 100806
50917 54654
57297 12702
17997 35493
56313 36422
47184 18236
106140 71314
92898 62415
23496 91663
74471 12395
67503 25887
51713 93349
95350 50109
90731 71053
67431 40914
84819 68627
38336 64429
79293 77105
17352 61366
69301 71173
77104 29027
53930 69154
69932 44382
93258 31750
88222 23780
28123 56478
16021 50396
80965 29201
44427 27018
99096 49664
63125 28443
59008 5066
31678 98762
71698 53786
63779 92811
37923 28543
41809 51082
90608 61846
11724 70327
88792 80175
30899 73951
49862 94747
85306 83475
17091 99547
90884 89327
97417 26840
63978 33011
39414 45548
97894 48180
17296 18815
48271 87135
24763 92931
92869 42291
52391 22593
88898 53223
23802 38590
83006 54670
34011 13995
16721 39722
94784 36233
25407 37669
74590 58814
16353 61950
85213 31217
64122 18551
96232 90712
22037 45114
61572 52753
33569 98290
76668 71405
33072 57512
31662 75830
89077 95661
71268 72361
15706 96248
55399 60855
60852 13924
19790 31631
52866 36228
43993 19255
97541 61058
90244 66027
15682 89137
78289 17265
69979 29921
55719 93980
94258 46009
89410 72583
73469 44280
79150 70177
37869 62620
76087 79261
19163 64789
70109 65650
81729 29630
43405 72066
73553 43754
97419 27068
89461 25923
25282 59494
16470 51835
82794 33633
39989 27686
94953 54336
59880 25011
64100 17197
35338 95827
75044 50662
65821 90532
36830 30515
39452 54162
92908 64955
15429 76062
86238 79819
35534 78336
51460 95580
86667 88569
19511 97489
88627 94574
96460 22027
60726 29817
4620 -2634
-8213 -1357
12231 -265
-9280 1938
5857 -354
825 1803
6187 9086
-2440 3809
137 3086
-6360 -756
2526 1189
229 1495
2325 -222
983 -3861
-1440 2628
-3485 1645
-1257 -1374
-1220 -756
-7666 1332
738 4785
2948 -3399
947 -2072
-3082 -365
-1243 536
-4284 4553
6298 -4155
-3823 309
-7115 -652
-1391 -1131
1937 -1607
2908 -1197
-6361 -1634
5904 -305
2380 2917
-2692 -4211
1100 4197
-5365 -4102
-2988 5764
-428 1072
-5840 -3769
1663 2279
-8087 1337
1454 -1885
-2538 -2914
-349 832
1974 695
2151 2038
1362 336
3304 2230
-1585 -4870
588 -1107
-175 723
1237 4218
3211 -3466
6451 5324
2556 1278
4522 -6007
-6671 -3761
2656 3218
-3226 3017
-1324 -824
1803 -3139
-1791 -114
-847 5492
1067 -2264
-1543 7383
10047 6652
971 1434
-5293 -1657
-4016 2049
4737 -2299
2282 -2299
-292 6618
-5038 5375
7393 -2340
676 3081
545 4450
2001 2035
6692 -4456
-4707 4632
2737 757
2480 -985
3804 3918
4116 -694
-497 1332
4163 1746
6188 -224
349 2620
4191 879
-1268 -442
-7311 -3732
5530 -2821
1866 -107
-5214 -683
8091 -3737
-7764 -1238
141 -2660
-4378 -5195
2827 -395
3415 4371
-3301 3298
-4236 7364
5714 -2020
-9328 278
996 -3946
-3165 3600
-1110 -3678
2180 7377
3649 -2037
-1944 10100
2860 7568
-122 -6323
2086 1817
946 -62
178 -746
6421 426
-4492 2509
-2398 -936
-2720 2777
3819 -5662
509 543
1686 2027
6886 -5366
-6251 -857
-1105 1161
1389 3682
-2490 -3328
-3411 3268
1647 7064
-8213 -1700
1185 2445
2011 2917
-1130 6715
8973 -6574
-473 -1344
134 2577
530 -7248
6127 4808
5591 4671
2402 -3340
453 5533
-2100 -4729
5059 4929
2338 -2402
-5417 1570
1792 5527
4735 -660
1501 4207
-221 1217
1779 -161
-4885 -3426
-6282 -1024
3307 -111
5393 -255
6271 6791
-6469 3927
3254 3565
-696 -2550
3549 4546
2551 -2208
2532 1844
1634 -596
-3127 3995
2348 0
-1301 -1801
-116 -2846
978 -3880
-53 3120
3703 436
181 -5028
-2068 626
-2212 980
3916 3494
2127 1662
171 -1386
-3028 1373
-2646 -1839
-815 -1081
1105 -220
3119 790
-3906 632
-968 -7736
