67 104 8858
27748 69799
63098 34901
81438 49204
76361 20515
56787 24159
44549 21592
53140 76346
23406 65828
83532 41745
102450 66933
68839 45618
84658 14538
20361 26912
95143 41943
85951 96021
26379 99142
42476 60730
86549 82054
45896 98562
42746 64332
53840 42292
61398 69027
12833 11437
99420 1
93628 52334
74822 66040
96337 27431
57130 37938
77047 30106
87156 34486
37132 45491
12575 28661
37329 106640
43984 35159
72711 89412
46294 25786
95111 41592
11334 8277
39234 16730
90492 44134
105502 14241
94610 22709
51543 29580
1628 84580
31990 39354
26973 46996
3466 78232
66939 65392
50676 48355
64526 75437
93904 34608
57504 77602
78277 84938
21670 5859
74279 82348
15883 134130
79094 29104
33294 58418
42593 76012
73594 56627
69026 70481
71394 69567
73845 90520
24383 54344
10381 63647
11883 59885
22680 58128
16326 72085
55800 51022
83895 36697
71795 13844
53439 23958
41445 30331
44393 69632
26104 77362
83871 33196
94430 70614
68560 44740
89665 17879
34509 27237
80778 38955
91072 96647
13488 99911
42174 49949
81847 82676
54705 86023
64519 49511
79297 44822
57982 67961
17749 22678
86227 16508
85027 41648
85871 68841
83027 30092
62439 31087
71274 19754
82631 37330
43657 40227
14993 38523
31973 93077
45877 34304
83885 99901
47963 25740
93707 56431
30882 22489
35126 28327
89327 31697
80650 23363
94356 26009
51690 16618
17087 88393
24700 24634
29094 63171
13502 97472
59859 72147
51517 53327
49934 68604
91466 49997
59270 79370
67391 94450
14828 16768
59295 74729
16242 98244
81631 35731
22126 57146
55466 79742
76109 45051
77276 56830
64959 68832
89103 94006
28252 37860
21729 47285
17162 68350
28167 62286
5737 10050
-17765 -1521
12256 -12532
-4014 -2012
-7799 9569
-12675 604
8502 6689
-9848 -3387
-2415 -663
4532 7488
10499 9640
-17428 16013
3415 3773
-3814 -11794
-819 404
-11362 -9522
-2643 -206
6476 -7826
-17326 6332
7204 2510
-6218 -6030
2123 -7791
-15875 -2827
3295 -25165
356 5337
28189 598
12567 -13805
3497 -3569
10454 8741
3099 6878
-3401 7882
6480 19011
1711 4940
-19966 -1105
2172 16158
17783 -11887
-8684 4993
-6414 -6803
1208 -3359
14551 -10438
13430 -9673
1034 5983
-8396 8167
2131 -11144
3389 8649
1085 4595
12137 8849
-6680 -23693
7050 -2808
-21546 -9077
-4428 -6163
-6557 15690
6033 6868
3802 -5519
-13642 7377
-6324 -3425
-8173 -3323
-988 -31390
22376 -2485
4776 6750
-2053 4294
-340 -121
-14413 784
7982 13433
-3436 25506
-11244 -4800
2273 494
6169 -9336
-19337 1575
-4363 -4368
11300 -8811
-7763 -41
-7887 1601
10469 -3173
-8208 1324
-2367 -7577
-2105 -7482
18785 -19805
5460 -4022
15771 -13094
-7600 -6488
4466 -17423
5569 5986
-8346 12379
-12126 3885
17797 -7739
-3886 1153
-2410 3665
-814 -8736
14038 3915
-25534 13197
-4101 3943
9425 -1133
-14623 1425
-2662 4078
-16993 6400
10874 5938
963 -2201
-4549 -3016
-11240 3237
-789 -5490
18485 11985
1219 -8212
-11809 -7793
