60 156 3658
81821 32763
25494 45798
58515 48290
21082 81069
38107 84665
73410 30603
65657 83524
27085 41079
43307 96824
21372 45966
75537 89046
37931 93381
30909 93360
69095 50400
17246 87649
41285 89402
33226 51924
24574 77534
94959 48189
66080 64367
74462 87222
64233 85209
59613 46092
53678 31093
39688 76336
101120 82712
54509 52610
68810 60136
26508 62633
85401 74675
21874 96729
54874 18304
35913 40349
38383 51713
93187 24025
93993 29514
80558 49110
44141 68900
83325 46082
31201 90284
96881 42104
40386 93780
41669 71409
62929 80770
15603 51813
101395 44259
51754 52556
22513 87942
98302 50344
74617 46801
87353 53146
42512 39735
66373 74456
40612 82416
91354 28678
41998 97666
37673 27689
53648 42244
79876 60465
61339 78221
83973 28649
26740 45464
49263 46709
22712 77037
40960 80754
69398 28143
69261 85734
23427 44665
47587 89634
21693 44497
78805 88155
32906 92841
29201 98195
70829 48090
26193 90466
47381 88274
33569 55311
26264 77596
98226 48391
76059 72875
73100 83858
61442 84361
52788 48590
55560 31451
41441 76716
98527 81698
54864 46918
70633 62023
27537 64733
84351 77259
23045 97601
57397 25037
31545 36959
36006 51453
94681 27203
94582 32049
76353 57710
45618 65783
84747 44460
29120 96205
93070 42491
37038 92978
50199 71322
69799 75690
22021 50567
99093 53618
55522 55083
23214 98952
97597 52992
70460 48671
93081 52713
43221 43671
68485 73969
39336 82482
84664 24771
35710 91416
37515 26296
49297 50057
75805 62059
66314 74746
4043 -889
4329 -2116
8950 4767
281 2337
4419 879
-2703 904
1337 2873
2737 -5575
1295 -1099
-1916 -2206
-1433 156
-3522 863
-5384 -5818
-819 -6686
-3459 2712
2318 2363
-7099 6539
5865 2642
-724 -2704
-1575 3201
3 -890
4697 1430
6943 2564
-303 -3241
-4452 -578
2655 4661
-1847 -1526
950 769
245 -441
601 2500
-2260 -1575
-555 1468
-53 432
4060 -3029
5185 -1719
-1709 -2951
-3195 -2120
43 3907
-1685 4091
-1717 1661
4891 5087
4244 142
-2677 3403
2385 -4850
-2872 -3593
-4773 -3655
8069 -3501
4573 -299
-2766 -4365
-2476 -1533
-1527 -3561
1263 34
502 -6097
-4062 -821
1133 1627
2914 193
2882 -1384
1213 -5658
2874 4578
234 1401
-2564 -3106
-1900 4621
-5547 -1855
4419 517
2613 1049
2151 3753
6932 -5284
-6319 -2193
-12576 -6659
3654 -4335
5192 1477
1511 -218
2305 -4208
-2626 1922
284 -1199
1628 2252
-3560 -1568
14 413
-3555 -1167
2182 1120
1990 -2023
-2065 -2502
-1530 434
-2680 -2594
3146 2858
1538 -660
4348 762
1882 1214
4899 -2241
12429 246
1973 7704
78 5652
3859 -2795
4746 -6816
8764 5384
-1009 2548
5873 -2785
5784 -2036
-4342 2324
2416 3154
2460 -2355
5134 -2589
254 1308
5701 -2671
-3642 6573
1884 1658
4755 965
2014 -650
-506 3029
-8260 1395
1072 -4781
610 1843
4903 -3568
2006 6507
-7320 -3454
-2719 195
-2400 376
5627 1969
3334 -6088
-162 561
-1686 998
-2640 2981
5001 554
-938 -3250
5124 5312
-85 377
-4135 16
-538 -1524
-1656 -704
1773 5389
-1899 2270
-629 -809
5368 5981
-3175 1918
199 -5330
-1046 1463
-3171 1771
-1585 230
-2832 3302
2162 -3488
-3344 5028
-1476 -3324
1940 -6266
-5531 -4081
5374 -1394
2175 -2166
337 938
6649 -3195
4068 1974
496 -4899
-707 2181
175 -10652
1276 -3253
-518 -1203
4330 3226
619 3176
