51 52 5948
104631 96467
30912 54299
61419 98594
101989 101300
75447 64045
43031 31569
64729 77327
56048 51961
75697 35990
43374 97966
80240 45834
62075 92960
87090 94179
97607 61851
38374 42085
78320 61312
104317 48126
53594 53678
54793 37398
75759 58079
82518 80771
81996 31198
102021 60307
84213 93241
68927 30157
57161 72153
58286 72374
41778 83721
34459 37634
69151 84036
102729 45517
37201 77221
81904 63825
74042 68667
81864 40282
99897 80231
95385 61726
93825 32419
96387 85094
86394 69777
45642 88917
32260 54273
65080 17595
56398 90429
74891 71609
76950 43682
85062 29649
34783 31240
78015 41074
85374 89743
100890 34051
90277 89431
32738 50673
59782 94185
98024 98756
74360 57455
45805 29733
60116 73791
62523 58052
73611 38172
36456 89505
78993 47882
62356 92742
75416 95692
90723 59721
40478 39166
66863 61882
95742 47057
52077 58307
60903 40978
70830 52107
76956 88999
92497 27331
98111 57527
83666 87917
58524 28472
68625 71483
64554 71472
47357 95720
38953 40979
62171 83042
92698 48871
37623 72399
93110 63622
77105 74056
85632 38622
95879 81691
94617 65427
88494 29727
95905 76259
90691 74886
31838 88800
33225 60614
70920 26716
44421 91903
81122 73380
72409 45192
71295 28869
29895 29746
75920 37257
88623 93408
86599 27870
-2501 5369
-2205 7006
-1125 1033
-3232 4169
-2044 8242
4709 -5009
-11667 2770
556 -8175
-6939 -1478
-4229 4879
4283 -8539
832 -6419
-1146 -4063
5532 520
16469 -7398
7221 2824
-12648 -1367
9577 3882
-6746 -3160
7160 5676
73 5943
2691 -7192
6087 230
5904 4183
-8240 2043
11151 2314
-5157 7327
3517 -3743
4656 -3358
3389 -2948
-1590 1431
2021 3234
1136 3161
-6009 1052
3333 -4786
2504 1308
9223 -9324
-3855 397
1804 1921
-8747 4962
-243 1577
-7301 -3655
1764 -1021
-2202 4147
1367 5763
-4968 5617
12560 -7591
-4947 -5315
-6938 -5315
5957 -6878
11872 13214
1211 1471
