86 145 8465
96421 83313
109396 67414
85798 70919
63432 107772
86780 63979
63261 57607
65518 46592
89051 66012
72317 88528
75556 81965
78705 86015
85564 74533
93767 82702
81261 52373
88974 97969
77295 62944
74799 80276
75230 96405
54903 99845
48738 83461
82650 67545
91573 45729
85565 39252
101356 93259
105976 79559
69346 52723
44314 66508
79204 72843
73352 55790
55167 39908
51557 99302
63983 80724
44952 101703
100600 74610
80788 56401
54144 72464
72237 54538
53894 57314
49128 82056
89266 94225
86260 67246
53214 109566
78542 85892
105582 88301
46957 90422
93057 73722
76501 73228
79720 58917
74390 105084
73502 48683
88458 87849
93413 119160
54372 36311
64404 86571
64676 42597
56296 75165
59424 39755
47957 55697
56274 61344
57372 90992
62156 76648
105951 59972
81203 58998
88337 45974
88007 78606
73164 89205
88877 95907
88334 75883
74076 84034
83260 72307
105560 71639
101478 75279
43424 77162
76740 81749
85020 100831
81135 86463
63768 56213
31574 105687
96455 75634
60194 83204
82208 62097
48335 92546
52582 53981
88212 46588
69885 82979
88235 97790
79413 78046
89702 66029
89245 76353
69379 96821
81891 55669
61377 55728
69681 53103
93589 65658
81260 92852
72948 70575
67079 98599
97432 80837
84101 85173
84170 54267
80449 73862
88694 61418
71201 83080
66020 98047
63556 97980
48974 93035
69737 75849
93676 66224
83779 57867
93397 84186
96812 81702
79057 52249
54402 75266
88636 83334
69736 64272
60072 49258
51307 81502
51074 83314
62592 90052
95001 74931
78098 50598
64999 70279
85251 69908
49251 66750
49392 74066
93875 97124
88165 76283
65247 91455
88415 99019
97901 81099
64155 86970
91814 82523
77143 74083
78336 51942
64612 91862
85673 55981
82156 81122
90405 97819
49904 52518
68859 85643
66111 51769
54141 76537
50565 48712
49031 50510
59245 68826
64033 86919
60345 66266
85536 65695
81044 59781
85030 52152
87739 71899
70346 94264
81659 86720
95265 79509
64760 79005
83332 66194
93595 69834
87622 70339
55844 82055
79040 68822
83804 92079
81244 92357
51982 72082
49574 99039
89857 76940
51637 66984
83120 70393
59937 88407
53518 61443
70878 50200
63617 80911
90181 85855
3112 -693
2591 3985
-12307 2522
4196 -4831
-253 -2870
7186 -3104
1501 -11642
-2979 -1092
15933 -7204
-3637 -23551
-7595 13550
7535 6048
6214 6166
11801 13875
8166 -7004
-8088 -15201
13161 7543
4651 9156
7237 -7673
-13320 -19610
-14712 5829
5890 13308
-11818 -4098
5117 12889
3950 1599
14707 615
-6675 7521
-9168 -3013
10818 -12456
-18411 8269
7129 -4500
11213 5325
-4927 -12127
7161 -15759
4409 1786
-2364 -12961
-14336 -2551
-9245 -12397
-5337 6701
-6882 12309
-11037 21525
2035 3925
-6179 9585
-14730 -8911
8225 -13394
10448 -5041
1372 2134
4616 -1530
4779 5931
-5654 -9924
-20805 -8939
-12416 3144
135 6966
-14749 3876
793 3359
9148 16813
3397 13270
1470 -613
10215 5244
1939 8203
-9612 16453
1556 6193
-1823 4417
13366 -8243
-8901 292
3893 -20493
-1329 6879
-721 -14954
-3006 -10677
8345 5071
-2951 3486
-4344 -13265
-4247 -4593
-2141 7985
10845 4651
988 -17630
1643 -6128
3835 9640
1909 3106
2494 1067
-4724 4893
1843 1170
1304 1690
-17196 -6603
-9941 -3738
-5428 -437
14071 249
12264 -23357
14905 2160
-934 -3874
10715 -1744
5013 -6343
-2792 -5697
4126 -7618
-2632 1356
-12883 -3112
-7749 8315
-6134 -9519
9522 -311
-10570 3575
1661 -12008
-5840 -2249
405 -1548
-4812 4421
3131 -7977
-481 2587
2139 6186
379 2434
8420 10732
6325 2537
-508 6122
8409 12293
-12500 -8599
-4391 -3101
-2272 -10750
-12859 18422
5240 -14730
-3093 -6706
-1361 -1989
7433 3186
-10108 10322
5384 -7618
8337 -17477
-2303 -1396
2860 11138
7017 -13033
6196 5026
-14561 -2189
-4682 12858
12040 -16933
15303 13828
4507 -14416
22349 15820
14991 6732
-17634 2988
-3352 3658
12753 7931
9579 -12411
-3661 -8702
-11393 -12460
149 14985
-24523 -6003
-343 -6932
3309 2769
16774 -4707
