36 93 8149
97766 95720
98753 74946
53085 94460
64659 79972
57642 81968
72034 91357
75895 70954
69146 72223
84333 77655
58745 50259
76614 47295
86147 54204
78826 77784
49769 91125
79041 64358
71415 89470
60821 85161
56423 69726
35878 94179
51364 45214
54441 52946
82544 45268
45339 87394
50377 99450
75734 93627
101571 62969
79657 80693
58412 75260
74110 93917
103632 70465
55734 60004
54168 86706
58966 91503
73540 114345
48854 56813
57086 90128
85539 92822
88991 76429
53473 80582
59346 79028
48763 84200
79996 85436
57426 71180
53882 75427
87368 72220
56275 54019
74007 73622
88628 60648
91885 80504
58248 88156
79340 56604
71278 86743
60700 83070
64567 69265
51995 95239
48225 48540
60079 56140
83289 49279
50579 67046
54061 97119
67918 93309
96717 59129
87650 84973
63959 73176
74567 94535
99887 84783
60055 80655
52517 81949
62654 95960
83162 98488
55937 56406
68261 81850
-15003 1934
1598 15950
3524 6806
3386 -8527
1142 14608
-2063 -3017
-4299 16829
-1776 14017
-3191 -16718
9556 4181
-2503 -6463
9673 -6514
-13437 -6546
15195 6903
-6327 -6367
-7847 7408
5341 -3216
4529 -4713
20297 10528
2783 -5039
-10891 8622
10079 9388
586 -3610
-11007 1571
-5460 -4321
-251 7410
3030 -605
-3614 10904
-5121 -1808
2439 7961
9313 -8492
-14826 -12811
6987 -8293
-18435 5215
5211 -717
-1394 -6560
-1872 -654
12672 347
-4080 -2286
-6485 3
-2437 -10663
5539 -8555
17059 -1418
-3327 -8423
-4266 -5043
-5402 -12491
1872 5097
12403 -3004
9777 219
-5602 -7774
-1056 -4271
5327 3202
3926 -2943
1613 4137
-8968 -199
4425 -3249
-5803 -8383
1676 7983
-5731 6345
-2847 2670
5473 10004
4553 -1831
-3860 -14294
-12607 -4778
1477 -1191
-486 11069
8216 9255
5768 14851
-3901 -9136
-4489 7261
11341 -1132
1601 -10124
-923 -11045
-7942 -19172
-9592 -2170
4921 -9950
6376 20452
6957 2337
5606 -5627
4915 -416
-8724 -2180
-2978 -12265
-9481 -3887
-7482 4668
-5682 4886
10995 -14623
-2438 -12234
-4980 -7333
-1091 -7657
-6705 7862
1610 -3768
-12061 -1093
-9747 -14899
