95 106 3598
47935 49247
60363 50236
48983 80165
85251 95891
37609 54059
33179 42541
85183 95308
26860 78805
25864 51938
30372 39411
39447 43560
57522 90669
51801 85712
26824 44894
32679 56967
50998 78619
43657 58586
87381 29823
26800 101998
48053 80431
55785 28584
86590 95874
79838 93941
28100 37257
66048 20688
34117 59076
53944 45935
22319 53184
35147 79855
52760 92712
44043 81360
47143 50945
35648 42810
76380 40216
74359 88205
70986 42996
81854 74419
52354 66993
26613 101074
36949 86902
74994 30835
83056 69424
63480 44728
86565 54118
90911 97906
27610 91860
58371 53426
81958 98111
73194 30764
17861 30784
64972 95419
44721 92863
80931 37313
89545 51924
95246 58318
49038 33082
39715 28116
89867 57145
87309 79526
23862 98536
51057 25683
75072 86332
46456 61919
56424 84011
68599 39431
70609 61864
61207 45314
27375 88773
35403 47810
70832 43419
43975 88186
64873 29602
36039 51600
88081 44738
71226 47540
63342 79302
59845 30345
96960 99439
74558 71811
65836 88630
91073 49499
39551 63825
29077 99582
28897 50959
58721 74529
34311 55677
56630 35175
89017 37197
48109 61976
62187 52783
21875 88892
70924 84789
57050 77924
39915 25225
71390 80221
51115 52824
67127 42689
45250 82537
87122 96349
32674 56779
32582 43542
81780 94060
27569 71193
34995 46364
26803 43239
37042 40779
54777 93164
54144 86497
27577 50585
38786 57117
53762 82152
46652 56857
86477 27987
23789 93640
39816 78026
53418 32013
87675 95550
81421 92100
34460 40380
64342 31842
39462 58617
52713 46188
27770 51972
37029 75239
52700 91074
38318 80262
41107 48280
32997 41866
79695 43117
78041 89404
73593 39887
78540 75540
60109 65501
22214 98503
35133 84333
82919 29309
81409 72896
63754 47677
83717 52842
94523 97371
26908 94420
56310 47407
74201 98166
73740 29679
23120 26989
65499 90637
39509 95909
83145 34861
95563 50970
96093 58949
51490 28224
43219 26613
86511 55476
82074 79517
23896 97687
47139 26468
72242 86290
43558 60670
52654 81803
69652 40728
75860 60092
65145 44786
36100 95046
29844 48364
63557 44047
31445 88377
58305 33498
36847 49990
85862 48171
78832 50461
64045 80689
61910 33028
94956 96053
78177 73490
63212 82166
86723 50636
37944 64490
32950 92243
27977 44145
57457 76034
31828 50366
52647 34677
84903 33799
45441 60828
63613 53597
26285 88102
72582 86872
56046 77019
41615 28987
67319 84255
2652 3578
5205 -1008
-1267 384
-1371 -1237
-342 11846
-2155 1080
-4601 -465
-543 996
-4055 -3015
-1795 -4356
-1422 2774
5491 6524
-7205 -4835
6742 2373
-558 -1691
1950 358
853 -2230
6276 2632
397 7590
725 579
-5030 -1632
-1963 5369
5440 6964
-4831 -6327
749 -713
1798 2288
-5950 2664
-3461 4055
16 435
-2356 5572
-4004 -1131
-2162 3135
5526 -623
2917 219
525 -7517
5574 -1286
-770 1713
3423 -6966
-1213 2398
-6003 -7194
912 7802
1573 -1347
-7339 1241
-2400 996
-1712 1550
657 701
-2402 -1288
-3826 -3085
-327 -863
413 -255
-4515 -2015
1722 -568
-2159 -3553
180 2016
-1416 -2401
4389 1723
-4289 -4608
-1374 6063
-1250 688
362 8063
7858 -1294
-3731 -2204
-5804 3440
-4843 692
-6708 5539
-4265 177
-2559 1484
3150 -4376
-436 2611
6128 812
5291 -2696
-798 -5946
2490 29
-2787 -4326
-7289 1624
-2293 -7490
-2964 2390
-155 -3282
-2126 667
1362 7263
4933 2703
1893 1772
-865 1312
2065 373
-5776 4492
-2349 -656
1261 -2572
-2558 -4164
-1590 -2636
2783 -3828
-776 -253
3324 6184
-525 4294
8910 735
348 -2485
-5540 -698
1324 1723
-916 -575
-104 -2145
6455 9096
-165 361
-732 4578
-2849 6019
-5776 -1602
-5145 -11405
1465 5333
