98 103 3791
28566 84453
51802 34572
34596 78396
47871 60927
45057 82268
54345 59193
26155 18781
12233 41239
45977 43018
86667 27240
35893 66732
20745 67461
86239 29602
66921 22319
37272 58026
60637 22083
78810 61989
23824 72931
33719 71715
78213 72585
22026 91442
22511 34046
45189 38846
28759 106775
90056 16775
21946 85587
84079 34625
75333 59357
13240 30178
51636 39894
88680 37238
40762 18598
70376 64282
16835 16046
93527 83348
34741 11278
44303 20400
89132 77159
52108 16072
80485 92181
32404 73178
57189 74407
77526 32296
46004 41309
85014 17595
85891 67442
90865 18046
88034 64778
57069 77153
88664 29119
20419 70796
19642 23565
100274 26766
36538 48594
75862 72493
45945 85121
31306 86354
61487 96982
34813 78339
38851 87072
34574 66595
9558 27221
18497 96622
65246 39458
20498 73501
11723 74221
71613 78500
43080 89546
65998 22578
71027 98648
56242 61889
84379 76322
32371 40330
73673 88360
52725 57122
50870 31151
56622 20545
14261 60681
80158 20493
68187 13294
68423 27158
77793 56032
29320 46768
16610 26797
93489 31990
21969 64353
30638 73256
74235 82100
22823 70256
59931 86793
96719 39331
17600 49716
56874 44887
35537 33560
51633 75144
90759 14621
55452 18937
18310 22198
19832 92376
46726 34026
39766 82123
47063 68070
44843 76871
54487 58796
32779 20347
13170 43255
40314 41562
88322 25845
41210 65444
15647 70140
85266 33688
60906 20510
35843 65199
63000 19703
79287 66500
24488 70388
37687 77300
74292 73461
25632 85110
20980 36172
48714 39319
28498 98559
86299 16285
23908 83979
85617 35114
69960 53271
19302 27196
57479 38927
87787 35016
33816 16227
72162 70824
22206 14877
96623 83671
35373 13531
45159 17836
87493 76987
52317 21953
76841 97074
26081 70450
60392 75031
79293 32622
51269 42369
83707 19980
84583 63745
90056 23360
86165 71172
54940 86453
91372 24977
17003 70789
22810 25357
99847 22970
40486 50512
78808 76481
45329 93082
32268 86083
56158 97656
28100 77377
41511 84787
32552 69574
12082 26377
26845 94703
69405 41299
24705 80711
14182 71138
71838 77483
38853 88962
66134 27159
74401 96888
59267 58273
81574 80762
30210 36835
79237 84917
54337 60115
50906 27248
56548 14561
16086 58779
81755 19086
71800 14036
61686 29021
75679 60963
24660 46917
17232 23172
98069 28696
28352 64700
34525 68475
72966 84503
15162 77395
57228 85611
92945 41488
13503 57081
59287 41890
31841 39947
48196 78241
95907 17104
53589 19907
17435 24287
4003 -861
1160 -3172
-711 3326
428 4523
356 -2002
-1299 3118
-3115 -483
2274 2705
-6765 310
4510 -2975
-2682 -340
-6674 -761
-2303 37
-1449 1828
1901 -1823
4882 2114
5152 148
172 3239
84 -3571
2458 8627
-858 1328
-2648 911
-839 -280
4629 1894
-2212 -796
99 3559
-2786 2799
3434 273
-1910 -7507
2079 -2607
-9368 1794
-1529 -1945
-5910 -2856
-6201 4571
11 -474
-856 4165
400 -1710
6716 908
2043 8739
-501 2766
7201 487
-2490 -7499
3683 2471
5217 -1994
-1565 -5770
-2795 3620
-6584 -1684
-660 3968
792 -1410
5891 -1266
-292 11266
-1050 -2144
-4510 -4986
-3281 2958
-2815 1423
1267 -4375
1933 -2375
2096 790
2274 -2993
-1091 4430
-350 -8896
-5648 -1743
884 -1325
6261 -4002
-5577 -2527
2602 809
-1058 -3229
-910 -4077
-5603 -1928
-2246 -1482
-3281 -3590
4302 -1596
-1882 4301
7372 3179
-971 577
2573 -2638
-906 -5641
2472 -1467
-1826 1558
-5041 6800
-363 2216
1122 2716
-5304 870
13755 -407
3505 -6493
879 -2807
-1307 1143
-498 -5285
-2886 5667
1798 -2223
1377 5553
-330 -2129
49 946
519 1013
-729 2500
1744 2372
982 4619
1760 -1006
-1242 -4707
2113 -1342
-3354 -8645
-3715 6930
-1546 2573
