76 78 8248
31930 52810
14438 86984
97253 19729
99628 81040
47566 76986
54105 46481
22732 13520
45075 53445
41143 11543
34999 76079
74734 66059
62603 10710
31111 63023
51699 37097
108669 45255
62048 37590
44476 43127
74183 49316
47602 85080
94788 44920
13387 46698
18139 112978
52376 89593
22882 29466
41839 73756
87111 75738
30018 75785
32699 40119
44283 23126
74017 82869
26658 39740
95989 52343
33583 71273
43864 100951
24100 86348
83409 43221
64456 51480
35217 82033
25533 72240
95402 52679
74164 43711
67643 81659
71995 37369
69768 58441
70221 67712
88543 51381
18230 43637
85163 63457
58470 38014
96802 55527
55710 98046
81719 95190
33865 63843
83019 39274
42756 68116
61102 43729
84230 52842
32167 93505
76811 44007
52958 7607
96824 60608
93097 80913
27758 58362
16841 16662
55563 34041
35233 59722
45522 83956
36112 42566
67488 82271
89342 63304
93457 33829
43277 9103
61066 103081
47527 32005
86842 87679
28055 27426
24155 41908
33510 98202
91141 16434
86148 83324
46963 87678
54834 49152
23665 16136
52478 46343
36531 31709
30915 76948
79754 72905
63838 14201
36803 60705
39939 24646
93511 49383
68505 51825
41505 33255
88993 27808
40492 82351
99316 52091
14497 32082
15313 95104
42551 94274
36869 30771
27038 78905
89401 70169
36624 86691
31175 31172
53649 22508
70264 83124
24724 42489
91635 60608
29862 74087
52461 93016
17510 80065
92039 60094
85637 51218
36466 86686
21230 65509
98568 61942
65800 45093
61451 84201
75402 43320
70955 65597
75821 55819
90656 35532
19708 44531
91417 55473
55999 38036
84716 60426
45475 99163
71630 94573
28233 59331
81384 30757
27611 60084
77848 31091
78078 47666
36632 84824
74627 54867
40207 19302
86284 35087
95086 71202
14266 55169
19389 14248
43356 27320
38364 56444
41795 77309
36022 33599
71751 82317
90223 52537
97315 27445
41288 16006
63196 97936
40470 29443
86316 81566
20174 15791
6510 1292
4222 10167
7253 3897
-4921 -13972
-7192 -2770
11024 6280
-1216 18843
19516 8841
-5552 -9455
-10957 -11452
-7688 -9713
-2145 -18364
-3298 -3296
5311 -957
11259 7830
-7786 7614
6755 -8435
-6065 -2744
3998 2756
-15243 19075
2141 1581
496 3314
-1205 2594
3783 11512
8728 4409
15196 -12304
-14359 6042
11650 -13322
4574 1081
-19527 -6616
10190 1303
5074 584
-1383 96
-6353 4010
-13152 14296
-10012 10492
7349 -9644
16205 1437
-5560 4937
-8530 2000
-4853 -9250
-12491 -12598
-7902 -20945
4084 -5808
-1304 4088
1248 -18027
-7795 1618
-2673 -1773
712 -179
14904 -4409
5706 -6407
1080 -10100
9657 5118
613 -2651
-4096 10694
1508 2009
-14385 -3468
9849 5073
1973 -2219
-8935 3373
-4494 -3268
5380 395
5516 -3822
-1676 5644
-13998 -2113
3137 -7638
5706 2807
-13343 -1246
-9546 9335
14581 240
-5142 -6809
4424 -1647
-582 -11355
12051 4119
2895 -4261
-7698 -12811
-6155 2241
-6600 5124
