67 76 2020
88690 83463
76807 81316
78524 70394
68321 70508
53062 66963
98845 51203
64308 74592
97939 71674
84904 51801
95753 46509
59697 71801
75218 46703
62480 56666
56932 54987
91514 95457
73710 40794
48459 94613
60548 57819
52853 48810
76634 59788
84752 42615
98340 66687
79941 69018
84434 50697
67617 58311
42670 98413
46873 97430
46146 75062
62810 40376
48407 62689
68724 79520
84990 84489
57585 63978
92331 74827
68974 74274
80118 81286
99540 76212
39863 59261
44175 44379
85782 75657
62746 78331
51739 80011
69940 96624
69982 39933
59260 70442
98692 88751
60766 43570
43886 72167
84403 100163
92085 57734
93882 48620
99766 91522
50685 99605
90573 102460
94084 79157
42926 40877
51898 79482
69479 79954
40837 61241
83337 40019
43180 76675
71887 63084
76414 78100
59521 46880
80635 60403
56984 87847
58373 60507
89240 85249
77423 78776
79475 71317
68510 68435
51191 67598
98531 53773
64420 75571
97501 70536
87510 51207
97248 43094
61985 72741
75152 46644
61673 55873
61183 53759
89553 94305
74423 42278
50937 96081
59373 57145
52877 48109
77229 57804
83312 45127
98086 66348
82355 69518
83804 49125
65996 59803
43133 95390
46263 98369
45108 78502
64909 40193
49730 64778
68378 83427
84352 83713
59483 65539
92403 74483
71103 75076
76493 86269
99054 75038
41716 59212
41927 48051
87228 74371
66292 80108
49618 82357
66746 96706
73462 42767
59571 68050
98095 85599
61797 41729
40771 73708
83566 97502
88629 58620
94221 46331
99555 93578
49406 99171
89568 98659
95011 79921
43096 39968
49826 81680
71603 80153
40200 58726
83843 39709
43219 78668
70894 62770
80216 77143
62473 47999
79242 59726
59617 89163
56484 61774
-29 -337
2774 1327
1745 703
1345 2015
-369 560
1060 -848
1702 2825
-1319 1160
-2891 -993
1264 -532
3483 -2559
1309 -947
-1117 1114
-1124 -1856
-1122 280
610 681
-3995 174
1358 2563
2780 78
-2019 1862
-809 2050
-855 -5675
1845 599
-187 -869
-3186 -816
-667 -579
564 518
379 -212
1116 1147
4606 2158
4360 542
-478 -4006
-1418 497
271 898
776 -1035
436 978
-2092 519
-608 183
-164 405
1305 -2494
-656 -356
-2511 353
-3066 -3566
-168 278
392 -1776
2896 -1047
-465 528
-787 3960
1532 -1885
-2694 -392
1809 -1074
-1615 1373
-768 2096
2154 2619
1502 1722
-62 1283
-850 719
-134 1838
1179 -1898
1816 -4921
-1176 547
-3072 330
-2739 59
-3320 -1778
-1488 -1729
430 -667
-2963 1883
4582 164
578 1046
-3455 -1968
-418 -168
-2974 410
2302 -1119
398 1961
-1266 2371
60 1152
