41 48 6946
60592 81614
45220 83709
83695 89367
88950 53406
87022 79731
60906 64209
75800 50732
94676 93509
93394 47606
75298 94115
61884 87145
67840 97429
90817 48912
87916 79323
50270 65248
50122 68289
47376 98790
69559 72911
83914 75575
79988 71625
58566 109349
50104 101976
73485 95153
50584 51438
58121 71115
89021 94144
85520 98936
65286 63387
55131 95314
57316 102147
76493 76541
98059 81233
99396 92621
74713 83649
66765 80017
89221 70380
93833 77195
67444 79650
68794 71652
91315 55876
66840 89528
61854 77069
53111 81807
89372 89030
86893 63003
78343 80879
67142 66743
70976 50232
83663 88707
83691 54333
74247 90771
72177 77995
66399 92830
94261 58961
85218 69780
49296 80780
55709 61026
51374 91789
59317 75641
75678 79465
77524 68409
57396 99392
54310 98390
73147 87065
51245 60508
66952 69131
91509 95247
78750 96013
65205 71515
67123 87563
59067 87160
64074 75228
96157 81179
76253 85984
85751 80992
70149 86384
76402 63037
99850 73804
69142 84631
75066 79758
77663 57334
79258 90295
-2593 2396
4513 -622
885 7979
-9288 6309
-422 -5380
11811 11058
-2179 -2148
-1897 -8044
2336 -2105
-5026 -10050
3205 9598
6416 12411
-3096 4610
431 2135
3810 -4788
-248 4354
-2281 9585
-7249 -5926
1427 -834
2967 10835
2832 5583
-8724 -15130
1424 -2630
-1872 5843
-6352 -452
6689 2666
8849 -7011
3109 -948
6526 -522
-6492 -5244
5552 1985
-6681 5588
108 6515
6242 -2105
7644 1008
725 1207
-12393 -5515
2367 5412
267 -840
-3580 -2912
3512 1545
-6563 -2888
-3543 -2309
-3626 9369
4975 -835
6120 6467
-5801 2094
5236 4160
