69 200 4156
94757 84445
80853 65989
57373 90442
78275 71270
92842 79652
87280 55914
86257 85617
101936 73145
55509 87531
53199 70076
79737 80386
57325 76885
82804 81899
98004 82827
56294 81141
58069 57376
57899 59958
51385 69309
72339 91082
51380 67440
92099 66016
54367 77589
51809 79759
91708 84565
67544 70106
85122 43166
83638 82223
56272 104370
52833 42463
65465 76128
85820 53026
88684 54960
51461 50848
79426 57765
79604 57044
76819 75651
61257 71156
45538 61137
51312 82247
61503 57462
50887 80775
88309 61543
62432 62439
70512 38794
64319 42197
95294 47484
108296 47454
64480 101275
89404 82957
40981 75486
79226 104488
52011 67388
63368 68599
70597 70831
68117 56434
86503 79133
101143 48463
53031 95310
80965 68144
61777 62650
42505 74891
74996 38166
85263 96456
52996 71527
89894 68837
71351 88402
62019 74592
61013 66531
65467 74782
93433 77699
90461 69796
54081 94145
74154 73963
89083 79572
88156 60743
84419 85867
99850 77160
54363 88006
44543 72085
80740 80302
56523 76673
79702 85401
94846 72823
48175 77936
50952 62205
55379 52732
51619 67695
74629 94939
52078 67017
89930 65632
53149 77561
49913 83644
91139 89925
70251 71008
81951 48459
77616 84395
53274 94879
48403 45434
62842 73674
85859 49755
85397 54256
55753 53424
81228 56661
74909 52190
73728 78053
60235 64053
52465 59537
58517 85068
60234 59115
52973 85269
96114 67099
74265 59397
78968 45446
59077 49209
89184 48788
99757 48593
69514 91200
87780 78108
47705 69320
69178 99010
53037 63258
62906 65924
72722 64119
71774 57911
87543 74320
99435 47870
55872 96651
73536 63707
59268 61154
48692 69970
77149 43304
74992 84104
53923 71130
83008 63825
76679 93638
61382 71773
55788 67907
64202 75793
3392 -3694
2810 -3862
-12346 -4848
904 4792
-1026 -2605
2295 2380
1651 2700
2799 -4722
584 -4664
1731 -4465
2860 -2900
-4896 3063
767 -5419
-2953 -2506
-6555 -177
-3167 -7903
1226 -1060
-2069 1912
-6085 -1376
2941 -7949
-2066 2300
3247 2077
746 -1646
-4505 3480
5071 -277
812 3221
4652 4727
10763 -1385
2156 -4964
221 -5471
-3189 -3447
4176 8541
-8810 4455
-6308 -1143
-4200 2296
3317 1098
1187 -1561
-4358 9898
-10041 855
-3599 -212
657 3256
-5704 2140
-3991 679
-6652 -5083
-1899 -3113
-5681 2145
-4570 2230
-2493 6394
-267 -8827
-6727 6526
-2846 -1816
-6961 5620
1236 -4601
4513 -8042
6042 -1741
-3281 2589
-4115 -1083
-5299 -7016
2643 -5870
6023 -4401
2754 -5990
-776 9927
75 -5051
-2345 -3430
-1920 -8455
-1332 656
-3746 3538
2951 -796
-2570 -4338
4716 -3267
3360 5325
-908 2876
2921 -202
-1294 5002
-558 -120
-6178 181
-234 5683
1090 -8552
5428 321
-108 1960
-2920 4318
-356 -905
-2452 -2107
9265 3349
2575 723
6472 853
-4019 -3143
9816 3260
235 547
-1103 -309
-4585 7191
-5239 1652
-3544 1141
-2112 -2185
5128 6081
-2823 1583
-2530 -2946
600 848
1193 429
-1064 -994
2059 498
718 14672
4875 2156
-2698 -5995
898 2906
-4746 -913
2149 -2446
-2628 -9939
-1823 -1815
-7087 -2025
1681 -3077
6085 -5066
-5313 1279
-10965 3041
-950 2285
-1423 2391
9499 2865
-4262 -1508
472 4227
-1490 8162
2117 6168
-933 -6472
-6099 -6500
1586 -1954
623 -3735
3082 2102
3206 -3207
-1114 -5235
3089 560
-4103 6384
892 1681
5240 -3939
2472 1926
-2305 -1507
-4551 -3984
2324 -2292
-954 -5358
3507 3518
-425 -5062
2269 7479
3249 -2018
29 1887
-1515 9327
9050 96
-2072 2108
-6823 -1145
11769 -2286
-119 -4514
2109 -1635
-2430 -3548
1797 1190
-2811 -3070
-4872 4905
-6299 625
-9439 1975
-3191 -4568
770 1146
2798 8776
-5235 -1815
-3821 -147
1579 -3149
-174 2590
2095 -3043
2382 -7657
-5803 -3372
1829 8482
2240 -897
-9017 3555
827 5733
6475 372
-2928 210
-3319 -2600
4812 -5446
-3698 -174
2169 -740
8794 -2234
-2288 1664
-794 -4538
242 -3963
131 5709
1135 -2947
6648 2133
2721 -11901
-4020 -1211
2721 -1596
-1017 -1001
1204 -4107
-6179 5991
4289 600
-1633 -6672
686 -3744
-2433 -1829
-1106 5133
1232 -1956
-2781 -6361
-354 -1288
-6479 -4658
3239 1839
6831 4165
8216 -1502
