100 67 7446
38278 48339
73129 60447
59302 93394
38582 83142
52863 83906
72656 27658
80505 52405
59431 76511
54527 84485
82450 92879
59163 27583
85615 36458
33716 73473
71923 53229
39056 49960
45089 30554
42158 62371
49644 75418
88105 96098
43673 96093
35752 47570
80612 62772
73839 40355
60083 109442
32415 48263
63276 40658
71286 76151
59963 82332
35822 87026
78601 46810
59680 60038
78312 42294
86188 94921
49769 90368
40852 53440
102859 69110
96512 68623
75580 81674
59487 65208
73630 52914
44287 78418
32187 103166
47212 91252
73600 84431
77284 81116
74974 39600
58953 87857
55133 99599
55546 77982
72617 98482
63046 38054
19767 75088
41147 81409
93870 88922
59046 78000
95362 96924
76395 66024
76450 41542
33781 30052
89953 37630
49088 97581
81425 36839
57862 55351
21818 100479
82754 40281
78814 99452
81750 76765
43170 81054
57579 45977
76959 106903
92981 86270
22467 89851
61855 27318
70220 57228
43126 98792
76196 53458
31922 94698
59407 64637
46216 84002
47557 95105
47820 59925
89989 90126
19796 92618
34979 77957
32636 42029
42771 68894
79880 68278
79663 77363
44453 30035
53951 44345
62140 93245
86228 74704
93250 24619
23530 67574
28899 87896
69946 42170
52967 58160
77363 34148
57139 45759
69484 87959
40134 58422
73338 51508
63432 86068
40685 75743
60324 77378
71004 28627
73557 49330
65626 72837
55786 81873
82976 94364
70619 39012
87761 44713
38015 86509
77125 50749
43954 51221
53901 36136
50269 83551
52381 68968
95809 99757
46255 80621
25459 54831
93375 56710
79381 33569
54370 99651
32299 55044
55567 45764
72859 71214
55977 80372
24672 80455
79594 43222
52594 67821
79729 38528
86740 78712
53484 87238
40264 46559
96725 67746
92786 67741
78230 73795
70814 75289
72810 51118
46930 72851
47374 98635
49564 95696
69089 84456
90797 78193
91215 44350
72827 96263
42836 90949
69934 72441
82165 90216
63824 44706
28174 71603
59738 85002
96047 91424
62040 75831
90071 93925
78056 59967
79795 44960
37755 38600
84094 38660
39073 99717
80430 37586
53547 50556
28187 94835
92842 31862
78593 93112
83515 83766
46046 61185
47307 42967
75201 99318
97553 77752
33593 82743
63585 35897
75416 64710
47492 95049
91016 57606
41809 92839
63855 72205
40249 79834
63215 93183
39770 53282
88061 94763
27116 96534
32962 76195
27243 45441
34297 61003
83119 74715
91032 68563
66038 27426
44551 40095
68486 98396
86862 80584
87886 29415
39437 68101
38513 79044
84538 34987
55473 65003
89206 27093
50377 46456
73391 77473
12278 -2680
16141 12759
-7451 -7276
-18369 8949
430 -1325
5165 -9873
1370 8536
11403 5189
4822 8563
-12184 3872
-14528 -992
-458 403
-7348 -2049
-3267 7513
-10429 -4668
6358 -14973
164 -3725
636 4461
-2402 4353
-4376 -12684
5988 628
3765 6651
-5145 14497
11790 3437
-6629 -6652
3327 5924
-3136 14215
-1315 979
-3668 -996
13082 -10266
-98 6524
5818 -17135
15093 -9156
12033 2025
-3895 4410
-8961 -2232
-74 1559
3060 576
5885 26
88 9243
-3764 -4824
8249 -8866
2928 2494
8816 5580
-3663 7747
6656 8923
10268 -2357
-11598 390
-3227 7294
3165 1498
7358 -2078
9839 -583
-4982 2422
6298 9298
-5215 -19441
-8730 -7314
-8245 -1827
7869 -8592
718 2543
-1873 7974
2860 -4864
-6103 10074
-5764 1721
6891 -11334
7762 -2482
-2236 2463
5236 -3906
