96 211 9177
58523 45320
78638 40447
80715 52590
32058 104275
23559 31530
35602 65578
27241 82349
47384 58367
37538 56231
77544 47105
63806 49535
36881 53582
93885 50863
83578 35313
15823 84149
53533 42681
90749 62094
31437 31630
68259 63008
20745 100676
82067 46058
27787 70698
31107 35784
73674 61724
70484 90893
51543 69090
81958 38468
101052 72308
77889 45166
36284 74808
40977 78301
59823 82290
72701 52410
43054 53110
80941 116942
68023 18837
56702 87847
27016 83774
63959 72815
60761 23567
92650 29349
93410 45106
42073 77956
57490 83040
77987 18713
96875 36417
39335 77792
63357 20787
73633 19818
14991 62353
79994 90241
86462 41615
55820 62591
8291 37091
13069 8212
35477 26861
62937 49294
28654 33105
27167 115298
105898 72314
58087 71114
34008 11234
36007 103241
63804 62721
43864 51428
49627 90042
51264 86520
52222 74589
50604 28839
19521 96793
57025 101379
103264 81498
41871 56119
5635 23234
1 109668
77812 45256
54657 72965
90877 68931
66023 49748
34324 69012
31434 81383
32904 18173
64703 62960
61981 32381
101349 41091
52247 60704
55832 56916
92162 99175
37664 42076
30656 48939
99704 59031
74384 41909
90963 99257
104936 32223
42393 39713
52932 102006
63744 32959
81058 51043
74937 55990
22843 99720
24619 34530
32662 73610
42548 76165
58259 50900
45212 52657
86321 29417
54707 57105
29314 38308
88720 48060
81565 57716
26717 64318
54202 33146
96367 64137
25951 37530
68822 51313
21438 97390
72779 54149
19813 76560
25975 32899
75664 78620
74655 97376
43466 59520
70237 30011
91917 72299
99910 47237
42133 85305
53866 78491
59940 80585
94320 57089
41232 44865
74963 96543
85580 28186
42534 86607
30219 76305
67553 89387
58979 27539
98569 31687
90325 58136
37729 75717
83075 71421
81504 29387
99324 18996
54232 69229
61211 24077
66320 21265
17373 58737
81151 82783
92335 48707
62436 76870
26579 36059
23576 16430
37924 21298
61847 53513
44077 41349
20779 90179
98973 86730
36232 75624
26757 17495
44745 83769
69202 65520
38129 55001
36830 86564
40350 69429
50449 58689
45868 35221
19837 88371
57163 89218
99966 84305
36933 60024
17626 17745
21969 86892
82888 54250
58719 79650
80107 70814
71881 64212
36239 77081
40279 91507
34918 23042
61272 66858
53595 20014
96463 55110
52624 78249
56265 52898
91459 83231
27334 45001
42624 52574
94862 39254
82741 48699
87417 93195
96763 24221
48120 46073
53142 95850
-6569 8130
8430 9934
6479 900
5838 -1071
13662 5068
387 -1453
2704 10646
-1114 510
7223 -2474
4921 -12403
-5439 28
3410 1025
15507 -1257
1738 18210
5921 -23014
541 -10704
-21485 -8448
-5394 1658
-8577 13132
7105 -14472
-7046 -8160
14262 11317
6713 -8558
-2750 -6397
-8176 -5926
5845 6813
-16606 4097
14910 -4011
233 -15562
18475 16091
18574 770
-16342 852
4750 -12226
-2865 -117
-7405 -3729
-1920 10789
-2393 -17447
-8565 2253
19397 -4896
5284 -4839
3145 -21516
-1754 -799
-12760 6851
11918 11073
-2457 -7407
-5241 -2034
8154 -9253
-6855 9079
34 -8554
6484 9791
-10322 -2138
4665 1442
9442 -6580
-8202 -16823
6261 -7152
15931 -1355
-9955 2631
-3481 -3251
6599 -810
-861 -7459
-6493 1142
-11545 13990
-9550 -15532
13931 -4094
4180 -5577
-4717 -13729
-5735 15934
10497 -11876
7349 5462
-1336 2242
5519 831
15053 -5837
-10052 -11467
-4548 -10140
11890 7398
-13859 12307
-1935 -17947
3519 18884
-2850 -11052
-12443 -20526
-25300 2878
13765 -7616
-1368 -8305
-16977 1681
2911 10891
-2780 6094
5340 -6084
-4783 -7493
16956 2334
-16088 14223
4757 -6112
-3235 5417
-3739 10534
2125 8630
487 2036
12522 13287
10443 -169
20421 172
-1936 24863
6287 7821
-3898 -7371
12249 -2222
-1249 -6680
4035 19324
-20910 5573
-3960 5346
-3577 2474
5599 -21775
4994 17876
-10915 6492
-13711 -8429
-1738 8894
3748 -4109
-8982 15849
6151 4586
-10871 -12855
1170 2283
6526 6356
-8589 -13971
7649 -5519
-15914 -13056
-6805 3870
3830 -10284
-3360 -4761
197 6167
15721 -8965
-1773 -17212
-14017 -4143
6416 -11295
-10335 -18937
-11796 1480
-11234 4138
-9394 -18171
4245 -3903
8491 3188
-3248 20791
6679 420
2215 -16340
840 18151
-9479 5267
-7830 2900
-4605 14906
-8420 -9484
-6347 13843
-4906 -13227
8762 -693
3431 6817
-8269 -13596
-205 11074
675 6731
-4731 -3201
-7663 13858
7422 2656
-13482 -1080
1381 -8092
7711 -756
10123 7175
-6885 5696
-18102 1016
-12582 7836
14533 -9671
10619 -2195
-6278 -3966
1212 6976
-8527 -5666
-1905 -4363
-6942 11400
7019 -2250
-10478 -12277
-10591 -11438
-10578 16176
-9675 -4020
4471 1455
7323 -1516
-14018 -7249
-764 -5715
-609 3016
-4299 -834
-291 8146
-3213 -4489
1977 15415
-295 -3271
-9098 -17195
9268 664
-790 -14787
-3082 1663
-6850 1296
3702 23209
8856 -3638
-4185 -15035
3763 10139
-7847 623
-10967 2481
-3724 -5661
-8941 -8473
-18015 -17861
4932 -11915
-7972 -5055
3179 -4377
-12076 7670
-2173 -1838
-3175 -3250
-5071 4535
-5839 5730
-3715 -12041
14648 6741
-8731 -1822
24334 4454
-20784 -1542
-7883 13618
-7944 1664
