89 274 3960
73726 95759
33519 61074
90269 95864
54739 85588
23284 59039
96460 77253
57997 51072
54410 32699
78756 48092
61178 56721
39439 28224
76263 82705
54674 26630
40810 25031
28653 32174
85454 75696
29646 92392
45718 70035
85804 96046
77252 70257
50387 78243
61440 46993
53278 97320
84258 65696
26396 64188
101498 93335
41085 31830
36859 44991
29602 78989
64767 98996
47538 101081
45185 53176
29308 99243
23049 81456
36858 20666
29550 55462
41982 62371
76937 43274
43181 25851
61015 43144
65550 65203
86948 27736
74636 36552
22757 74849
27138 71513
34712 92151
86287 95284
45708 51714
43174 39737
40400 92268
40881 82747
90567 81144
72772 62475
38816 24071
26182 40179
73211 69095
52187 63604
64144 26275
95596 19067
97405 94481
93744 47527
45018 19963
45177 41862
39318 38867
69252 96211
25576 26031
61799 50993
95610 81508
78874 78684
60065 95294
56031 78061
77926 85727
63785 57076
64502 49850
88798 31832
77449 50848
47011 68652
99466 86507
22678 90794
31316 56797
49633 57258
39688 102072
62563 31220
37776 52999
84985 57063
35699 76299
47033 44282
78660 97251
61800 48822
72720 94481
34009 57418
90066 88763
52919 83074
22618 62157
89904 82157
50501 54506
54743 34003
79643 47735
63893 60360
42034 25831
72656 81257
51954 35059
35313 28563
24534 33730
81671 72159
26335 97182
50239 72634
82566 95167
77141 62212
46220 77077
56382 49589
52818 96538
83753 62246
24075 61906
96692 89464
48471 32034
36188 51297
25930 77954
65357 94758
41550 99484
46282 47743
29121 98691
23682 83363
40517 24544
30949 55958
42102 66034
76437 44399
40342 29294
57375 41123
70065 69109
85770 29898
73993 42585
27310 80305
30347 72953
40312 82463
88268 94014
47381 45772
43844 42022
37352 92744
35233 85387
89431 77821
71355 65174
42152 23181
30354 37740
70647 68253
49974 62414
61178 29389
96615 28553
97697 90413
99284 51922
43728 27908
47176 41715
32211 42454
67187 97574
28315 22934
58401 46436
99025 76541
79749 82261
65000 97787
59163 75071
79369 85895
56832 60050
61794 51556
92938 36880
76599 48804
43227 66534
97987 88137
34828 92220
29841 59402
51158 51042
44854 98028
61069 28832
38062 53950
92733 58760
35167 77162
47212 45218
76100 98721
54118 44762
3479 -4968
3815 2259
-5458 -1878
5989 1221
-4437 -1503
1103 2383
5583 -985
465 -1477
1839 -2703
1029 4156
559 -5537
3290 2010
-4718 -399
6702 7030
-10777 4688
1237 -4371
3352 -440
-523 -1884
696 -1296
-5553 -422
-3031 9795
-569 703
-3071 -491
688 -2634
-3309 6811
1888 6154
-3573 609
2512 5607
-6745 6282
-242 5142
1415 1850
-4612 3025
-9298 -5065
-1065 -524
-9800 4957
1057 1923
-4960 -7476
339 3888
-2639 1692
119 -4759
1681 -1970
746 -1290
77 2983
272 5732
782 -1463
4499 -1225
4378 -4166
3744 -7336
-1879 888
603 4237
8088 -5344
-3441 -4669
2433 -1197
2582 2218
-4845 2578
-3329 8591
-2185 -1670
-4639 -1494
-1171 2167
-6679 2554
-1574 -1464
-3550 -3103
2280 -3093
1072 -1658
-5493 1233
-2111 -5768
10917 4125
-1918 1259
-2844 8382
5265 -1786
6038 7943
-1215 5820
6739 -4023
-966 -31
1866 293
773 -2685
-5337 -1175
-3956 1602
5907 -569
1920 180
805 -5657
-2362 -288
-174 -144
-2620 670
2284 1690
4215 -3488
-2598 -1025
6253 65
1166 -3223
-2218 8048
3767 2358
1010 1119
3756 -1491
2790 7782
2295 -3530
4 -3254
5742 111
-3377 5433
-991 2027
4914 3828
2539 -4994
-3507 3443
2107 -1489
1004 3076
7044 -1801
-742 -528
1552 -2551
2138 -7766
3279 8158
-4289 1516
3434 -6752
-2974 83
1576 -770
-924 8158
-984 568
349 1748
-2419 -9650
-7993 2476
-36 77
-1190 2407
-1370 188
329 4418
2933 -4531
4748 1187
2061 3622
3094 3873
169 -2560
2696 611
-3249 -1095
-654 -113
-808 2559
3255 2407
92 1646
4007 4522
5899 1666
4702 648
-2420 -2528
3602 1760
6786 -3228
2691 4453
-4183 -934
-2729 -1013
-2987 -1577
-9633 213
-2196 -1598
4311 5036
-1060 4046
-1347 -4619
2644 -1420
3276 2732
-4070 4894
471 -2140
3533 4127
4967 1103
-8938 5748
2785 -3274
-2050 552
-692 -1442
-2122 3929
1997 1399
-2468 -3243
4014 -1123
2841 -2630
2020 -2370
-291 2188
605 76
2211 926
-3628 -3009
5101 -4011
1719 -1227
1368 -1795
-819 1606
798 1313
-11 3421
2282 3771
-4485 -8817
-2335 -4250
-1705 1833
-6871 -2527
-1160 9023
-6715 1441
3569 7746
2985 -1765
-989 1675
1059 -3630
-1925 -5612
-4719 2550
-199 3447
2334 2057
2379 9927
-572 -8036
715 8275
3240 1559
3167 5382
2822 3621
-2177 2866
-10482 -3802
-2017 -1978
966 8500
2927 -6955
2089 144
606 4404
4758 1361
-9413 -1745
-1503 4665
247 -72
-4163 7321
1302 -259
-8070 -4649
-809 3067
-3745 -3504
3011 -10492
-10438 -10470
-4506 3997
-1166 3921
-3057 556
6176 -815
1266 -1879
-6215 -461
-5972 -6443
-5461 3975
-1834 5972
3323 196
1989 9387
-4207 675
-7318 -732
-7428 -2630
2934 -4037
1181 -1957
-4970 1084
-4351 1598
-2450 1393
7312 -5874
2648 3331
-1393 -1438
-2152 1607
-641 2015
3357 -2475
1964 -6654
-778 -559
-2002 -1577
3836 -6647
-3951 803
2034 -4251
10598 2297
-4616 2006
1220 3856
-7281 1672
1212 -7583
980 -2733
9605 -1028
-3953 -8429
-3625 -786
1623 3388
-1240 2167
-6551 -123
2205 936
-376 3997
-4513 4697
-5317 1657
6380 -6565
2073 5565
-3337 2400
5609 -5237
4491 7583
-1210 -1071
2206 -242
114 1771
-1359 2399
3976 1296
-2048 3972
790 -685
-8126 -418
64 4018
