59 32 1447
93146 88482
75425 63651
98145 72907
86523 93998
46981 70914
85438 65231
66100 90337
48668 62287
68926 78259
47750 88922
61719 92052
93909 97131
68665 64509
47434 52004
87141 89265
93174 70830
63753 80394
68297 88086
83516 59402
57221 66849
100373 52776
54580 83894
42387 63043
90465 64349
47185 76084
97444 65842
53314 83545
86811 50246
50525 68729
48537 70253
65361 68737
78414 75321
46039 54834
44703 60262
95259 60522
86710 64037
68149 55454
70662 67968
68291 69320
82814 65402
80438 71369
86145 54590
58001 52487
85845 44823
59380 73142
65024 76921
46061 80783
87064 85764
92805 98790
88653 90190
67456 91959
56447 62216
45562 76241
91033 73635
63550 71519
57415 99513
93986 67912
74220 70564
96495 53472
93142 88308
73892 65933
97924 73342
85033 92682
45640 72314
84819 67377
66782 91759
49027 61704
69820 80481
46806 89836
62087 90135
93494 97239
68841 63696
48712 52027
89514 89515
90589 70087
64910 82787
68461 88637
80716 57671
55554 65339
99468 53042
55352 84406
43648 64399
89873 66529
47641 74369
98008 67080
53507 82802
86157 46902
51147 70561
50782 69302
64881 70259
75798 78888
46850 55837
44193 59144
95726 61484
88980 62824
67389 55997
69207 67856
68285 71400
80775 66623
80489 71935
85077 54105
59877 53677
85628 46021
58856 70616
67591 78697
47090 80897
88239 85408
92818 99176
89169 90564
69421 92654
54928 61815
46748 76576
88853 71762
63303 70757
58302 98384
93673 69684
75108 72691
96698 55521
-395 -561
2174 -957
387 4
389 2376
2462 -1276
-1103 -146
-2676 148
2355 -2532
21 36
-510 -452
2847 10
64 1718
-961 -794
-2166 2063
1880 828
124 -1182
-850 743
438 664
640 2498
116 36
-1035 2705
190 -381
-958 -355
-2074 -485
2392 -730
-513 -1125
-1812 -588
-1806 958
-1973 1902
1163 62
2163 1036
310 -2005
