51 34 8132
89868 31870
27485 89676
100779 32866
44788 33194
49572 84462
35713 65820
66950 95514
51646 63915
84538 53529
45161 51849
99658 80872
89393 71700
51856 84848
71548 66029
69023 28019
19693 89668
56799 58066
32843 45624
93909 73747
81940 86273
35896 66568
40728 75696
60046 45374
67886 74083
56515 78172
49438 48637
57136 92727
44550 39780
48570 99892
61646 48278
91434 41285
47767 66469
69415 46968
38304 69369
17648 62473
73040 63261
81143 34809
37515 81052
46357 50115
34610 35473
47172 38458
87494 79560
37614 44604
62124 30942
60376 53602
91747 43525
65175 114290
55559 29744
87788 40295
27715 46550
72835 84480
84757 44413
40719 81125
93180 33623
44522 41174
62900 91656
44501 70491
69373 87321
49994 50920
92803 53110
51303 60038
91338 86668
96981 70292
55253 79562
63812 82907
76802 26189
26565 97299
47169 52426
36964 41180
84994 70413
86548 78565
35107 67312
26601 75965
49063 45200
67347 67294
49451 68377
56015 60920
53094 88935
45449 51116
56211 99482
67341 47993
96557 40949
46553 67635
72752 48823
43266 74956
38083 76670
68003 70206
72142 28380
48324 81895
49942 45953
42780 29970
63098 39444
81799 73656
43016 44146
58053 42216
56024 56506
95272 49634
75111 96774
54243 44149
88897 51128
30549 39075
84665 81310
-7437 -5078
3809 -12025
4251 -182
-4168 275
8171 2417
3653 -6129
1572 3974
4102 14190
-4265 -3190
2746 6640
-21568 11949
-2704 -1121
4965 6015
-1483 -8563
-2894 -4031
14108 -6293
-11553 5234
14407 -10412
-15588 2064
-6211 -9839
2453 17824
2844 6849
-2793 314
-2281 5727
-13122 -14033
2569 3553
-5724 -2709
8764 -11368
-1999 1606
-2301 20168
-11321 4106
-3528 4702
1219 -4807
-8863 8463
