31 70 5160
44024 37650
38725 54963
44355 47998
65670 86715
43021 100864
21144 29742
91167 47890
81922 84604
55690 89775
74755 91897
85088 31355
42218 94271
30967 32622
67412 85052
39116 83630
67583 34126
27089 59656
41192 96813
38744 64477
55498 71765
70868 48018
34245 38052
29764 73622
54992 80508
76443 44091
87997 90853
16329 89187
34640 83772
56352 70768
66223 30169
71158 39257
45200 29719
44124 35838
50106 50301
60274 84231
46362 93710
28526 26758
87554 41848
85329 73440
53339 96903
78513 95550
82582 31493
45633 93865
26875 23823
69687 89728
37924 78515
66350 32785
25700 54186
41921 97327
33032 69783
54111 70793
66173 48931
31939 40881
30776 77132
64994 74118
80178 37075
87243 81259
23083 85749
30520 86821
61549 72637
70491 38727
71430 34381
3630 5142
8698 9717
1648 1476
1085 90
-1608 7451
-2459 2819
-6173 1429
4309 2078
3964 589
-9914 8477
1494 -8313
4074 -6136
472 9163
-5080 -1569
-149 13120
-2533 -7102
1680 -7841
7775 -247
761 40
8963 904
3098 -698
-6352 8401
191 5840
5675 -5169
-6108 9949
-5285 -476
32 -5882
-4538 2039
7313 5922
65 -13662
-2158 -4863
2383 8633
-824 -1053
-1327 -6422
2466 -884
1614 1997
-1396 1241
-11274 2773
-2700 -6872
-1982 2238
-3278 -161
2840 7731
-8373 218
-2634 -3551
-3289 999
10217 -5506
-10218 950
284 -2241
-1563 -9165
2901 -2988
-6764 1455
4740 -4223
-2874 -7252
-3078 6812
-1283 -15
1389 -1692
-4844 -3748
331 -2609
-6136 1706
-9437 8490
-7036 -3950
6459 -3249
-5793 7248
-4288 -3707
454 1685
4429 -2525
-6461 -1470
-238 6139
2768 -442
3739 5570
