30 35 6571
101967 73786
41231 43491
73346 89008
56045 82203
42987 99693
87966 44306
68017 49967
32441 88639
66500 87818
66109 88742
62194 64430
100447 106947
56340 55386
77905 99965
64933 45583
50421 80979
65558 68970
59550 70125
68222 30339
95925 58158
92636 94081
80047 48975
65454 91241
105997 27402
36772 91214
33065 18057
62271 80212
38219 54132
48082 71985
91337 85593
88645 67461
52363 36558
70657 88003
46956 82496
35352 96094
75360 38658
66236 52207
28983 86895
65278 86386
61787 90190
54412 63857
96581 94526
52877 57687
80087 96131
61922 46990
49241 80938
69626 66069
51927 69525
58962 30998
99772 65550
99324 92510
77266 49530
70326 87335
98403 26231
24339 71980
36480 26070
60457 85078
41295 61011
47613 73055
86754 75875
7770 2221
-4457 11855
-2212 2173
-6477 -7304
-7891 -465
-8884 -2539
-6088 -2619
552 2613
4283 10624
-2889 4372
-1054 13296
-2071 -3123
-5371 11228
-12675 -12560
-3290 7074
1371 -3845
-6672 -3071
828 -6318
-6168 -15372
6110 -14823
-7355 -4469
-5762 16886
-5845 -1272
5469 11682
-1926 -13934
-5178 9573
-558 3471
4699 2646
-2721 -4351
1091 -4056
1185 1947
-5183 4888
8878 3642
5690 4231
6155 1726
