62 140 6395
68681 54901
25487 34619
78459 61501
57500 20024
98026 91212
29626 28854
46507 82908
46081 68277
17833 52195
79411 80051
101712 61390
85550 81955
33208 33866
16178 13959
33582 85186
33820 67085
59789 104485
22922 48246
51626 44331
1380 15527
14761 32849
90324 35686
23984 92661
71710 73435
20799 80449
96880 94149
85351 37349
89914 46714
39729 43422
40748 55885
30660 49814
32523 73774
74342 43044
77638 49040
17585 70350
52314 85164
15919 17991
69282 56663
61080 67530
55270 54766
82015 70419
50699 19532
26665 62915
84522 25021
97747 88482
7995 78189
61545 28593
76633 52690
75192 69961
11621 26783
21337 89879
45669 41093
82234 27663
91200 53294
59835 56583
63735 78629
47203 24041
96419 44039
65606 78145
56834 49142
36313 86912
67145 19800
64605 66581
31178 44855
74367 55416
71557 19535
94236 92688
37655 26180
37297 84063
48221 68203
23517 49441
76532 74513
96136 52245
77588 93101
39777 37437
16483 19173
32205 97881
35628 67728
62171 99187
36685 48306
67683 54244
16869 16029
17239 28921
98605 30395
19642 84741
64307 62268
15695 82820
94618 98569
86838 39016
94583 46997
36934 49139
31600 53761
22207 57657
29896 76643
81283 47404
74651 47763
17564 74914
46418 80257
17180 27774
56843 62635
58242 59518
60525 51023
87985 80186
51283 17142
36898 63616
75913 25319
96935 93243
18485 76543
52306 45666
80692 59213
64948 71435
15185 20067
20647 88075
43018 39178
93214 23699
85394 49839
58141 52562
62408 74236
49654 35027
87781 51933
68394 77488
56930 56030
28342 91664
66738 15625
-11580 4652
4967 5393
-5871 4546
3189 10957
10827 -1633
-8411 -3640
6745 19
6283 -5163
-5706 7538
7215 -146
6452 -4785
5826 3608
7239 8383
5559 -1854
-1357 6039
959 -1288
-1924 10671
-186 16572
-5053 5001
-1904 -14835
-8965 2432
-1290 8264
1224 2800
-1450 -7756
1251 7710
2130 -3776
884 -6456
-1042 8858
3562 -1951
4025 -5054
4656 1931
7609 5981
1726 4286
3778 -6022
2703 6766
3382 -2294
39 -790
-4836 -10727
3779 -1086
11653 -7706
-688 4112
760 8465
-509 5164
702 -3559
-6396 7796
6481 -5820
469 -2229
-2487 2987
-4892 -7532
4389 2025
4727 -8443
-10182 -1158
5263 -1832
8408 1990
2988 -59
-1757 -2113
-9 -2185
-5453 691
2864 4505
-6033 -8503
287 -2353
-7838 2770
616 4085
-3529 9294
-5006 -6018
386 6013
354 -1697
-6293 -10425
-156 3045
500 7889
-1674 11699
-8221 2759
-4692 -10138
-6011 -2929
6320 2720
-11168 -4535
1456 7445
8914 -7896
-5190 -16702
-5451 12683
5919 -3249
4571 -223
16286 540
-6386 1020
-8127 -1031
-1159 -1399
13004 -9882
-4426 6153
3607 -2093
-1921 5467
138 11734
-8693 1226
7421 -1969
7471 -3532
3993 -2001
-3039 -2346
4182 2661
5385 5347
1664 -8631
-3248 -1393
-2949 -12077
-10697 -652
2174 -9631
13361 -4004
9486 -2251
-7567 -13194
3572 -3688
-3107 -20
-7260 -12367
3280 -4884
-2129 -152
2550 -845
852 -6526
-1724 -3532
-1351 -1130
-4231 7457
-3610 2233
6573 -7953
-9676 -2405
-5193 -965
9435 3851
6674 -8799
9812 2180
-2227 -10572
-8523 -1022
1234 -1596
-1285 3914
-7408 2432
-184 -8002
1406 -6449
11233 4172
7048 6767
7656 -8849
5091 -3854
-2312 -4797
-4855 -3792
825 565
6691 -5935
-1215 825
1543 9242
