34 28 8554
85566 77985
67421 88819
88088 45258
78882 63855
63222 104874
50187 25100
104900 53479
78583 74523
83118 30306
42881 54991
76611 85627
32841 79171
74580 82829
97924 62014
42609 63980
72283 44142
84870 97188
60842 60075
25474 101460
30295 70103
88663 103370
104117 82003
69193 58037
71719 99409
60960 14040
79216 34718
87693 30409
87470 78508
66541 97068
57640 68944
104756 49964
80875 38653
85311 80276
51786 76453
89571 76732
75263 91953
79693 62216
73352 71360
80259 95450
44781 31820
99377 44077
72039 79484
79311 32974
57979 54222
82618 90850
41412 89452
82247 84446
92520 66612
35640 72998
67655 37683
79345 87198
58645 61225
26050 92966
30920 73860
93582 98784
97616 85850
67647 56689
85881 95862
47866 31978
80815 41586
97425 30541
75419 66434
59948 94933
60433 75232
97821 50031
79837 39647
76060 78468
44460 82380
3135 17469
-9694 -5293
7959 14242
687 8055
-6140 16501
16642 1386
14709 8097
7987 -5353
-1173 5327
6316 -10921
-1071 -2160
-3312 -1741
10940 12749
-6209 12041
875 4028
-19706 9024
568 4512
-1471 -439
11670 2951
-5630 9320
-7473 -10876
8703 3823
-2888 578
-2483 4214
-7762 -1842
-4627 13149
27804 -19047
2994 -8933
