57 63 1619
16167 39265
53836 39658
78822 74053
64007 85844
57852 48537
63871 35580
23123 88058
76563 93079
29124 77378
85129 17423
94108 14763
74209 66024
90611 69552
78336 83821
32329 42733
43265 17631
44747 45585
39002 96785
78956 28792
23723 37965
13776 102803
83304 66091
56641 93098
37751 50188
17597 32929
18923 36912
38554 81200
38364 43488
14347 91194
89206 59674
65644 89754
18662 86729
79244 72399
43590 68298
65543 61615
91455 34620
72560 44088
52363 95545
22305 22884
93796 64048
67508 75792
30393 40020
93253 45702
60612 90072
97751 53541
65189 45763
99148 86623
99075 41793
61054 42714
48255 59429
78544 38113
16881 29705
62532 25927
70130 22318
46789 57985
43968 73738
70356 67075
15710 35912
51579 39077
76643 72217
62976 85830
57491 48626
62514 34276
19635 86721
74650 91891
29419 80199
86279 18725
94340 15940
72376 66701
93325 69971
80038 85206
33707 42881
43108 20218
42240 45608
37705 98728
77028 26728
23801 34876
15641 99707
81599 64020
55955 97321
39977 47290
15476 33597
20276 39732
37316 82900
39940 43137
15392 88775
89012 61220
64308 87571
17597 88277
78444 72459
43815 69636
62003 60460
94533 34465
75706 44962
53392 91971
20757 21028
92968 63827
67763 75926
28966 42975
94829 44305
59332 89469
97875 55706
65856 46738
99428 88107
96577 43837
61581 41548
45968 57642
79634 39590
18422 31032
62303 26850
70060 19817
50093 59720
44493 71800
71316 68796
-1697 205
-1918 -255
-1167 1481
-982 -2422
2109 69
1677 196
1693 -660
472 -4164
1191 -38
1859 436
2458 -1085
-1692 1835
-3318 348
-440 3167
-1786 -15
-1823 -1046
875 1756
1793 1164
-427 2788
1360 789
291 1489
-1548 938
-407 121
-1916 -937
-1279 1019
345 601
-812 -614
2167 1334
4386 -1240
-2540 -420
-4157 931
-840 2277
-2092 859
-361 2125
884 2168
2394 -1361
1932 291
-882 -1438
438 236
-1206 3582
1875 -796
-1241 499
-1971 -782
1978 1776
3278 2015
1351 1901
-3997 -3100
477 1355
-2277 -20
902 -2341
638 2685
-676 -188
1093 -1238
-590 749
-737 838
195 -605
-573 2060
-2014 -1210
-230 -1022
1404 4397
3923 -2212
-1543 11
3104 -856
