74 242 2262
58740 74263
49182 73824
59509 99178
49566 48678
69183 86707
62471 66330
51995 70803
90010 54594
58990 70460
77382 75023
67035 44231
92081 65331
69965 86424
96042 88426
57953 77612
68555 64811
63900 50350
85816 100049
84219 81812
82350 77142
86269 62144
74806 52365
74065 67054
76645 72873
82262 69071
72497 63655
50726 88808
79447 99771
48843 59979
96316 59275
52002 67450
78041 51693
71448 74485
95144 99891
77949 94159
83140 78205
101071 64233
78635 94610
69305 71459
87572 54216
101193 66522
62009 82380
78026 79240
63910 77113
91582 55840
53977 95057
85366 66318
82756 62654
92732 91630
77267 86781
95276 91339
62857 70588
81301 56188
58342 50137
73722 56165
101811 64822
66501 80947
52497 74498
69592 73880
76307 61930
63013 56341
54668 86738
86859 50632
60349 55911
100004 95541
66522 91969
97168 51439
86691 95408
54529 95810
82729 82520
56064 86197
62761 54809
84620 58711
58957 59901
59752 74841
49035 75103
60200 98219
51174 48477
70171 85582
63568 69137
53267 73430
92541 56783
57270 71626
74679 75161
69312 48840
89029 68764
71698 87033
94768 88700
60384 77718
68994 65751
63875 50354
86358 99679
82343 82562
80680 69100
79999 61844
73896 51002
72196 65088
78635 75687
84455 69447
71496 57858
49123 86621
78337 99391
53336 62481
96449 59234
53642 65127
82319 54232
74921 71559
98929 98599
77981 96336
82777 73145
98094 62530
79184 95412
68606 68148
84827 50157
98317 67403
64452 82364
76834 78321
65083 76923
89851 55633
51985 96475
85490 69883
88713 60207
92788 89399
74842 84840
96156 89107
61493 69940
77228 56263
59406 49929
69871 50534
99940 68398
67222 78124
48553 75405
68639 71949
75365 59312
62032 56909
56650 91347
83156 49564
58126 56550
99347 99455
64955 90796
96926 52154
86737 95793
57110 92145
81574 84229
52902 86578
61811 58750
81885 62517
63416 56212
1798 9
336 -1752
-1554 279
2203 -2332
-2161 -1256
3319 -1258
83 2871
-352 3895
-3814 -823
2278 1684
-28 511
-2197 147
4533 -2919
-816 13
-3595 -2421
-2301 1950
1007 -2842
-4511 2451
-599 -987
3570 1082
1224 4187
-5211 747
-1086 1595
-6461 39
895 791
385 -4975
459 -1404
3161 -2227
-94 -3859
2628 -4981
-1900 -86
3894 1993
1569 2162
-1100 1382
-772 -447
2083 -1437
-4594 -970
-895 -460
1634 -467
1269 1969
-3367 -759
230 4107
2085 2483
1128 2424
1171 2964
-6009 -29
-3260 2593
-1909 -1037
-1481 -3097
422 2434
4890 131
36 1954
2489 -1777
-1139 -462
48 1213
4784 1819
-433 -3765
-2323 -2121
1297 2144
1461 320
231 610
-3654 1432
-815 435
353 -2664
989 -178
-2838 -803
2894 1878
611 625
-2277 -2787
-1232 843
-2609 -3806
2401 -3892
880 750
2331 1994
2579 -1093
613 235
-3661 343
-1911 -956
2572 851
-792 -64
1317 -505
-3456 4453
741 1545
-793 1641
-1652 -2529
3568 -5373
-805 -553
-22 2905
1641 -2406
-1027 -1592
311 272
2738 237
-2444 2902
4492 -3704
3126 -3007
-843 -1803
2931 298
206 1920
112 -972
-4444 -1874
-249 -641
-1354 -767
191 -3086
2455 -6878
-594 -194
1057 508
1901 -4092
1952 1177
-3005 2843
-2734 1228
-4062 -4388
-719 1217
-1190 -861
-230 -903
1651 -3621
-1515 203
2531 1388
-1403 2724
-120 -2976
4088 -1912
2756 2328
800 -3683
281 1157
-863 -2355
2971 -2130
-2650 -2211
329 301
-884 3434
4037 -1405
-1621 2096
-3504 1572
-2495 3723
1324 3331
1733 1549
1593 -3245
-3003 -412
240 -2370
-1513 178
-2534 -3160
1315 1810
160 -165
-928 -3206
-3818 1624
-4620 -108
5519 -3120
-4222 -3717
1441 871
1078 -658
-919 -1847
-4475 2801
-3334 -1001
3545 -1543
-839 388
-1430 -935
755 -744
-3167 1649
-3342 2316
-194 -11
-54 1655
82 531
6369 4029
1395 52
-1300 2915
-663 -2567
3388 1722
586 -2145
-2192 -4340
1959 -961
-1619 -2702
1203 1956
-1523 -1734
-76 1339
2106 -995
954 -1601
1797 -602
-2032 5731
-475 2212
2107 2785
-1087 -1185
-1090 -530
-106 -76
87 796
2715 -696
3535 2410
-306 694
1112 2616
1863 714
-112 -3322
-313 1373
-5573 2839
-2062 -1418
390 -1042
-2554 -849
154 -3032
-489 1682
2004 1893
5214 63
-1397 -529
-2378 4923
-1387 3964
2332 583
-1791 3927
928 -2858
2269 -3856
252 -452
2334 -1037
2447 -2380
743 -583
2348 -5741
-3129 3879
2911 2870
1538 2017
4023 616
-479 2026
-276 -2466
-540 -2001
1724 4711
-4287 -1368
6638 607
1503 308
-1369 -98
-56 339
-351 -1009
-543 196
-2979 1601
3511 460
-1842 -2758
-646 3099
328 411
2431 473
-2442 -1981
-1325 634
393 -884
1469 975
155 -1568
164 -702
3790 4521
-1050 -3221
2503 280
-392 1674
-1271 -2887
-389 717
