48 41 6838
81371 32811
76560 24079
93552 62921
68466 52489
44358 27520
76140 33357
31256 80309
70513 81045
76509 91560
92541 25786
35936 41460
86736 72484
66515 23874
87044 94237
103675 78512
45550 47778
90741 50878
96128 90141
90791 52939
33611 14168
30337 59790
68973 82376
45591 47541
89525 57998
51562 34775
48433 89446
77357 73711
72375 24120
43074 84951
72098 92113
93694 58748
43158 81131
29406 91748
22183 96444
108595 76560
53801 42895
59621 23116
62958 88029
27180 77212
46998 56307
61931 52140
24671 30139
75073 36751
36637 93360
33452 23144
101846 86096
80462 33857
55743 99995
84500 45834
79870 24008
91891 69327
83739 43394
41741 25766
73324 43160
31851 90625
68001 86511
80584 91491
91981 37243
35587 45127
87192 80620
60812 32377
72496 91557
94443 74826
57721 45392
95263 49920
93361 80263
90713 59702
37403 23132
32276 58386
57853 87435
48281 58260
96511 57251
39128 26094
42859 86233
87269 62392
76862 24448
46007 75299
78422 78040
94338 64307
55686 75785
33961 81955
32238 79029
99282 81611
56071 40425
59534 25448
62564 81787
33571 78669
56856 61940
62499 42773
25358 34821
68744 27974
37811 84369
36815 35931
90348 93779
83191 38159
62288 94693
-20493 5952
10482 -5897
3640 4174
2234 6633
-4702 2974
7066 6758
-4673 10496
8506 -5103
-14461 -4529
11186 308
579 -1126
-3912 1238
74 -3759
-1225 8592
-1431 -8159
-5054 3433
7935 2707
12508 3473
-4311 -4617
-14413 -8405
-12865 2497
-4349 -2070
-9089 -10201
-2405 -2721
-2303 5737
678 7503
152 7506
-9461 834
8136 -2198
7597 -668
4505 1918
-14044 -11802
6210 11333
2357 -4415
-8380 -11331
3786 1952
-9608 8989
2498 1566
-9114 299
-225 9564
-15542 4749
