58 100 5678
36138 93081
78736 36517
23994 71055
92080 70395
28677 99377
40898 78509
94253 48835
83319 72071
41441 96101
104227 26436
106912 83076
87673 75300
81663 20370
58653 95044
39545 61551
40658 93534
57997 28942
58762 44889
45675 64356
32823 79780
95648 37384
15578 93170
79182 51046
76049 95629
36468 92982
45988 32996
93656 32464
56104 84268
59512 65745
34530 95963
81415 41107
80062 47441
66491 68425
57258 70544
59519 93264
101248 78405
88271 65238
52570 72517
64196 54902
96601 67225
93905 41545
52390 39063
83887 89706
86672 93511
26810 93784
55880 57044
43448 32150
17577 31043
98757 39355
46371 73836
93755 36497
95256 100647
83015 55745
22712 22786
86378 34131
71768 50724
63824 33394
95486 91732
37520 96807
67900 34233
37761 52922
95702 74536
34471 98678
47516 80024
98771 56147
90549 74766
45286 93715
98688 24209
98867 75647
83191 72323
77954 27224
62652 93868
43709 58632
43680 90067
58865 28948
53314 49122
42513 60976
36466 79103
97397 38500
28426 95009
83008 48412
74258 98811
34734 80466
47035 31879
92362 38233
52546 82186
50628 66614
33726 99120
77688 44399
80350 53420
66554 64726
55068 73983
54970 96587
96288 77094
85321 53619
65587 66838
58888 59143
92635 65197
84494 37721
50437 30933
79240 83825
86551 88131
31462 97078
46128 54780
36440 25442
23350 29893
86897 37931
47797 73012
99126 41018
96596 93832
85587 60241
26848 22485
78660 34516
79132 53055
61027 31664
90901 97578
3132 -9010
-5217 -11347
-397 659
6835 1925
-6283 -3882
-982 7049
10946 -2822
-7139 -2084
696 4371
2253 6691
-2416 -7359
4369 757
4921 3902
-258 5272
-4791 -546
21 6553
1391 -3702
1964 7463
-9724 -12521
-8001 -3410
-581 -11602
13157 -225
-4947 4366
-4303 -3740
-2094 6648
-6576 -10772
-4257 -15891
2442 3828
8053 2773
-446 1191
-767 2434
1618 7022
6878 2834
-5439 7525
-2514 7238
-2814 2517
1048 -11506
3823 2824
1034 3659
-520 -3601
13660 2543
-3409 3971
8892 -12955
11561 4698
5951 -1642
-6711 428
4722 1930
-6478 -5501
-8394 3129
-4219 -7946
-10745 4452
-2195 7623
1243 7632
5990 -4501
10003 -3731
1119 262
-9 2566
-132 1191
-2135 -9330
-9961 8619
-2591 4525
5446 -4317
6148 896
-14643 -1565
-5964 9156
-5859 -2474
2632 2355
-1180 4840
8342 7682
-6073 4336
-3050 2056
2693 -7485
8613 6017
-1371 5087
-7583 -3524
-4126 476
-2224 -5106
-6868 -4925
3175 -2973
1979 -6814
-1658 -995
9677 10762
-3005 -10328
-225 251
-6242 8304
13082 1157
3746 3590
8850 4717
-2220 969
-3869 -3150
-3793 -748
-16229 2427
-6061 2864
-4664 1216
-3501 -4266
-2693 3732
2162 5745
4966 -8599
123 -4158
4930 2270
