44 38 8631
47974 59352
64220 24125
50807 47224
36998 77890
91406 24282
109549 101378
85843 80114
53952 44463
70865 81041
81031 43742
70315 106147
46373 83998
92154 62298
85042 102003
111101 48341
48926 111746
63172 105845
41280 92872
71861 67037
25387 61253
35538 54018
67910 87575
59999 78340
23167 45140
39709 78780
68852 66507
65124 66261
50320 75074
113553 58671
88899 76055
51254 43492
79484 61368
51685 81699
95580 69159
95871 80899
42980 88973
83775 61652
73469 83794
70611 37847
88621 59235
48260 26409
55544 68186
67946 69019
84018 44573
37400 66227
55332 31341
45251 48163
49722 72645
88845 34299
89855 96086
90694 82940
41876 39911
64194 70943
87857 51730
70515 97894
55545 70202
98554 73671
88263 87863
88113 36836
44131 83329
61316 99452
41084 90994
68385 66741
31674 57758
33773 53038
61228 88985
65536 93422
33765 37166
36565 77331
68761 56281
70681 55211
41253 61730
99851 59647
92046 75573
43891 35634
82888 51750
50340 82727
85467 55845
99446 98767
40373 74845
82740 52413
85282 76150
81348 39218
94345 53783
43683 29804
50902 68966
67826 69281
79875 51296
11659 -538
-12142 -14883
2282 8428
2471 -6470
-7658 2221
5170 10463
-1365 4674
-870 -5919
5518 -12542
64 6839
457 12208
-17151 -8284
-544 -17613
6318 2884
1499 5519
686 -4170
-5661 7100
5830 8693
6285 -9344
3148 -493
3615 -21313
-8532 -11527
16034 4716
614 4762
-10808 -2204
-2781 16193
-8161 16208
-679 6457
600 2122
3265 -7610
4365 -4249
9971 -8343
-3225 12074
-3095 -9506
2834 1430
-12016 -8658
-2654 -14720
-4046 -1482
