34 81 4228
35794 60294
60189 56770
41648 69291
42457 94826
85266 56007
70523 62050
71161 67125
80121 86339
78868 75824
32977 79785
99706 76147
82264 33209
87596 46972
75010 66488
86912 60961
50410 65607
83691 95604
91125 62954
73839 92473
94873 33913
58494 54015
47306 89347
93960 43988
67278 84501
87422 69870
48616 83641
36896 92471
99777 60882
34760 63313
83857 73507
57041 54952
60387 47141
91560 73853
48296 38501
37084 60454
63140 54409
34997 68003
42666 97546
80626 60158
70640 55569
70967 69319
89878 83644
76939 82390
38975 82155
95940 75573
76364 36448
89952 48548
79213 64368
86505 63881
52806 69349
88824 94747
93523 59609
77334 88180
95617 34615
57071 47485
58762 91458
92680 42974
64741 84974
92668 70476
45923 83432
38333 94148
95442 62877
36007 62605
91284 70994
63656 52244
57779 38335
97934 74058
44974 36610
-670 -8615
38 -727
982 8544
108 -8623
-8490 5861
4057 2759
6027 2852
-2461 5879
4812 595
339 2946
399 3953
6445 -4631
2789 -222
-4826 5007
-6062 -1975
12 14415
-5486 -11964
7475 -223
2325 -1413
4068 2863
-12295 719
-1901 -1299
-1172 -2506
324 -8724
-642 3058
4829 -1468
-8098 -1826
-2239 -5677
2338 -6537
1144 -3022
-3794 3985
3041 -5031
6303 -1168
-1189 -864
1149 4981
-3616 -6247
-4972 2466
2786 -509
4596 4662
2051 -4047
704 -4049
9894 983
-3268 6938
-2452 1549
5807 -4429
-2675 2965
651 -1816
5762 -6470
1250 -4997
-7884 5954
4355 8076
409 -2754
2850 -1638
8247 -11262
-110 4459
-7464 3392
-4257 3370
230 -1677
875 -2459
-3331 -5788
2319 -283
129 -1413
-2289 820
-4589 -6731
956 1365
-8124 4159
5238 1278
-630 1054
2477 162
-4608 4999
-5583 4822
1435 -11688
-5286 3195
-2872 -5215
3068 4346
1944 -10269
1768 3017
1677 2674
1893 3109
780 -1687
414 -2143
