83 200 2325
62373 63420
48601 75800
64431 60779
87431 48639
90345 51504
81315 72896
57111 97999
45918 42581
61406 51385
47381 88189
45086 40271
34119 66161
102392 92238
43775 53920
76490 85073
72006 48367
95961 45694
75590 83490
46760 65989
63641 95361
82252 85158
41622 54658
95712 42813
64758 54555
81845 94111
78880 66560
35256 52837
64528 63321
56515 57469
88412 85314
83099 40374
47367 55867
41080 66069
84424 47028
52310 37853
73890 74608
99683 49536
85493 77853
66563 40434
49246 38814
50172 41084
83994 42432
94986 51943
67164 91010
62311 61192
79468 74489
61463 58351
40883 84515
44991 43223
54150 93191
88956 35990
73075 94158
82634 55014
93125 79046
67843 62682
84497 43600
67203 98659
71427 91889
52117 90664
87823 89066
66760 73844
39988 87690
85082 41265
62166 52132
38064 94048
82001 79024
41416 64602
40316 78092
96192 43186
61641 59459
82717 76674
96572 78403
55049 86631
38155 36105
97105 94952
86358 92594
45174 44394
58672 100159
88922 59742
90089 39740
59525 84137
77020 93089
69040 70023
61325 60501
48022 79529
64234 62661
85522 47626
87380 54000
81880 68101
58344 95222
51592 41465
62465 55942
51639 86152
50779 40028
38773 64929
98880 90524
44769 54346
76568 82961
71911 47463
94265 45379
75465 85026
43575 67939
63804 97275
85466 82093
41456 58922
92947 42190
63122 55570
83157 90555
77760 65386
37216 48033
60202 61887
57680 55574
84770 83837
82877 44011
48803 53455
41671 63736
81598 41839
53176 37555
72911 71790
99215 47869
84357 79679
67645 41193
51524 40466
48816 37107
82970 40658
92029 50242
70205 91183
62672 62494
77603 74873
61579 59341
44400 83833
46091 42350
52108 89487
85580 37902
69994 98734
86262 55443
96239 78968
70882 64183
83775 46946
66878 97278
68747 93590
50749 90420
87628 89320
68320 75871
40958 88885
81031 42541
62004 52766
41867 95947
81915 77211
38195 66665
45154 76369
97311 38440
61613 61623
86154 72259
98813 77250
53565 83900
40445 37757
95784 93201
82483 95669
42281 44966
60119 99775
89473 60116
89471 41050
58152 85263
80893 93217
71822 68680
-1539 -847
3523 2807
1937 -1519
8301 79
-1529 -380
-4402 7839
1664 -1785
-1393 1934
-3670 476
-2488 1309
-147 1997
1628 -350
521 3655
-973 -1770
1913 1056
-43 -3746
3393 -4186
132 1830
2353 -3192
2494 1909
1887 1483
1045 -466
459 -1468
173 -846
6402 -1794
1528 -1475
878 -1319
-5515 2103
1261 -522
-4221 -8464
-406 -1444
-736 38
-1349 83
-47 2007
-2649 2231
-1043 -797
-1181 -1816
667 908
331 3679
-4380 710
-1887 1752
2637 1542
575 -5054
-686 203
761 -2789
2496 349
-942 -415
3721 -1302
-1661 1773
1437 62
-1443 -1212
3471 -4658
756 -532
1386 -1650
478 -3719
-535 -2135
-187 -3229
2507 -2456
-1743 1056
-780 916
-3414 -4440
-617 -1531
-922 821
1627 -1867
2475 -942
-442 -2132
3812 771
424 4472
-2664 6394
-3357 4270
-2301 -1871
1630 722
3101 -2877
496 -1182
1024 -1824
-4044 -2771
4334 1754
-978 1875
201 1716
744 -1118
240 -41
-4436 -62
787 -3816
-4414 -168
-1295 -4949
2557 -260
-181 4355
-3185 -345
1734 -1799
314 -99
-1098 -2783
-2045 76
28 -118
-2037 993
-4168 -591
-1045 -31
-3771 4314
1927 241
1104 3204
-1283 76
1095 -1798
3763 1758
5173 -3193
-1721 4021
-1824 1750
-1624 -633
5556 2099
-31 -3914
-2343 -1673
-2268 -1970
593 -1699
-1619 4986
-1594 -133
-4874 2819
-657 -3249
5603 1310
-1732 -2070
-2434 -3004
-1154 -1969
420 -308
5284 424
4333 -1314
-5038 -3065
-176 558
-3128 909
-1574 1909
-240 308
-2000 -339
-1771 2245
-142 627
2684 -3190
2444 -1451
-1097 -2517
1742 -3150
107 5045
600 -2724
903 -2028
1095 -216
4160 376
-336 1544
-2458 -1918
493 4423
3843 -2829
3902 -366
1596 2436
1784 906
2089 -922
970 1027
-2486 167
-278 -1379
1341 12
-1908 -3787
0 857
-93 1617
4939 2154
7 -2070
-882 3246
-2702 1024
657 2205
458 2372
1000 1448
2228 -1982
-3394 -1957
2762 424
1998 -2694
3449 915
-2860 -2965
1108 -2538
-2219 -1066
411 2750
-428 -1740
-714 -170
937 855
-1910 1202
-828 -1121
1416 -4982
-982 226
50 7176
-2258 -3323
-589 -2205
-489 1366
-971 1011
49 -2042
155 -3443
-2918 -1129
-4461 429
-1985 -835
1359 -2159
1913 -1242
2091 2283
-653 2145
1857 561
5587 -2996
1084 -2407
-1113 861
-1331 375
3081 -1586
3207 -1663
831 -108
-2221 -6128
