91 60 9682
66888 36230
47231 92583
67916 67989
111994 82270
97971 72571
74885 79590
78798 86168
75564 78147
87496 86028
48218 38706
70410 54975
89881 80389
55308 50533
78458 107462
66232 39527
103416 76831
45932 54108
85905 55579
56296 56952
56850 90434
58524 98286
88289 108225
63722 96856
96902 78686
68063 46538
105131 63941
95442 105562
70863 77061
61138 61503
69715 54458
58733 60325
89498 76749
63315 80639
94506 89710
87134 79417
46063 45232
35001 89776
70060 69334
90899 56346
42835 102746
40960 66798
42569 95934
52063 74025
105268 97793
87299 75754
68574 67682
94077 46577
63855 94463
88922 75122
42615 46770
68531 84459
80502 89457
67673 47234
87280 93821
86097 52032
81394 45816
68614 71045
73289 80756
73747 93072
65522 79742
68020 44083
70828 77514
56097 50024
51688 48013
53268 39441
102244 61217
73467 48281
54323 103103
88783 47355
72671 85481
40846 57948
87395 41168
55037 72035
45433 76960
64247 61756
67503 51503
74939 44463
91843 95538
93539 77168
52993 64881
73346 78593
43698 70133
100196 88359
46472 72666
76157 65106
70375 103015
99209 61593
84142 94867
60253 37747
82783 69720
72162 47315
76025 58489
58376 84730
73748 71991
99897 69992
96734 52394
73935 62979
78433 79953
62328 84745
89110 72800
58632 45794
65346 52447
94268 70221
48998 51942
64569 85790
60322 45025
83734 98832
46510 58377
85709 52914
53931 47342
54665 91654
65878 94689
80735 92633
56709 98437
82614 69850
66203 63470
97521 55476
93848 90772
66828 82992
73018 70070
71333 61741
51073 74768
90807 70258
49788 75095
77266 72996
80298 78848
53534 49677
50305 90507
79609 56635
88048 54055
58223 88015
46972 64938
60790 82580
54775 74268
96586 99889
90560 55564
73453 77391
98777 54705
62409 90795
87456 81943
44638 56320
89165 86820
79622 80653
68681 69893
72433 96308
75856 47696
80480 45829
72374 68144
74677 85176
71256 94644
65822 71782
74441 56029
77571 72326
44154 44260
50681 56098
59268 50082
93522 53666
76896 44808
53559 86576
96695 49672
82989 81761
49077 62122
90238 43879
69955 56741
59188 79768
62503 67821
67351 51692
73171 52984
90086 90576
90669 74632
52454 63727
68860 87880
61460 76811
88748 59818
59006 72191
85601 65373
88446 85772
91666 51642
70321 99989
63604 58453
74750 70981
61557 55279
-166 8675
13938 -10782
-16536 -10912
-7349 12075
-12590 8519
2315 -14524
-9268 -1660
3621 20147
4893 -13174
-3596 -3241
-10576 2054
-2363 2900
-5279 -10550
2394 -17041
-941 -14920
-8408 416
-7884 10522
-14887 16945
-5337 -11599
2352 -10808
-16739 6361
880 -7464
1261 2295
8971 16851
-5049 -4104
11572 -2210
-12302 -4742
-6956 -5901
8808 9775
5026 7191
7725 -17478
8554 -12609
-5775 -16061
-4694 -5954
17305 -577
7501 -9670
-15633 7014
9496 9808
-1527 15775
-1342 -12241
-17746 -4965
-2429 -581
3970 -1494
-7167 16256
2710 5751
-1171 6767
12792 -10259
15783 6270
-2303 -5044
-4082 19133
-13701 -1337
-11126 -9048
10401 11620
-7547 -1141
-17560 11622
-545 -7503
-348 6272
-4418 14721
-8035 -5602
151 -1795
