68 100 5897
64288 85252
72716 70398
97398 33526
50217 83394
55336 72574
78794 61168
105911 58565
37218 69570
42108 68734
43526 39551
38636 35414
76276 35543
90003 39766
30692 24926
51468 44671
58522 27647
77889 25805
90110 31686
54428 53354
52021 85737
33102 81284
49090 52897
79897 67748
34725 62569
112186 76068
73390 88518
74136 25249
97111 92127
48897 48045
50824 59465
67312 97457
53858 27981
30793 63588
78672 43129
31758 49188
31830 40996
57579 75981
91336 38136
88755 39678
78805 45282
31269 33353
55532 29009
63800 91666
81596 97410
28225 99823
51652 22683
68539 63337
72015 57831
27763 62706
32386 91887
93595 58120
83890 83702
81047 42627
64867 85512
83007 76396
85084 39149
46208 70636
97096 55405
81931 86945
98866 79761
55830 38734
91594 62629
70459 94821
57454 41889
59369 37980
55220 72991
52735 91976
56238 94824
72404 82043
69397 68517
89275 32557
42108 77768
60341 73249
80864 52528
99133 60073
47633 71109
35788 61091
33440 42410
39801 28115
72734 39744
85105 47297
33949 29505
39616 51570
60515 32078
83858 28883
93785 29065
59472 53732
55090 88039
31019 78075
56971 44840
78837 66301
36138 64117
99967 74853
66609 77081
65528 28747
89474 90777
47296 43589
32365 59998
60924 98672
45980 36645
41107 67089
84905 46502
28473 48373
30305 44462
65564 66765
92086 38071
81888 37929
82454 41132
33332 35556
53428 29655
71968 94241
76087 98714
32061 84293
51221 36537
76490 67994
62702 54136
29695 64581
34744 77376
92956 60551
83564 80727
89193 49595
57157 88163
81651 75218
82358 42552
43780 59156
93408 60062
78598 86616
96842 88765
57418 27929
94916 63647
68401 96846
53023 42134
57338 30180
59656 75765
39781 97651
58579 96109
8667 4229
-2038 5596
11318 -913
3407 -3593
1408 9746
-8555 -2948
-8060 -6881
-5767 -2328
-2241 2300
-806 2213
3773 5226
3353 -3294
-2986 4846
4025 7816
-11491 -2258
8481 1206
1652 -2158
-1124 13477
7280 12413
3282 1042
-1226 11397
-3372 -8391
-1201 412
2821 9261
15748 -9448
5202 3919
-4855 5989
-11740 2328
-6634 1653
3173 13089
-1863 -222
2435 -126
8923 -11548
2718 -3400
-4732 1608
3869 -6425
1061 2150
-3344 -10784
2504 389
-8253 4470
-6538 4959
3153 -11665
-6878 -3509
5877 -5896
520 -7520
-3760 -6729
829 3699
-5172 -2814
1219 -41
6420 14899
-1980 -1470
-8766 3972
9322 1474
-7680 -996
5222 -8052
748 730
5655 3968
-3022 1617
3041 -838
-189 6464
3284 11717
-4673 -336
-9997 3239
-1859 7018
8756 7528
-153 -7758
-7870 7011
-2730 -1841
1676 4997
-1161 -9527
2742 11921
-3159 1609
-5209 -5532
9342 207
8193 3560
3442 -8326
-7352 -165
-13856 -196
-2730 1768
3449 7251
8756 -8004
9675 -994
-8360 -8153
-13887 6846
2422 261
6830 5402
-3534 -12134
7173 2670
-1010 422
-5110 5192
32 7995
806 2210
862 11901
-1115 -6625
107 -4059
3345 -4197
-2700 -2990
8748 -1687
-4067 4530
6692 7021
