38 60 1780
52524 33738
48341 51648
46928 30317
40965 90741
28511 88012
26158 26825
94254 74994
44172 73425
32441 92053
61147 51890
50238 31004
52449 98502
49580 58278
47641 89331
84811 52911
33776 26379
66280 70399
40296 84474
47116 96142
98955 64010
95047 71597
30462 29255
70512 87846
87372 46722
28555 67740
56156 69036
91574 92210
95313 52136
98805 82139
87863 79663
96353 60897
56260 86678
61106 67619
77990 56413
33217 86136
66246 34059
57080 88984
41090 56621
55945 36059
49572 49764
44354 30741
40642 90883
28355 89158
26119 27536
93783 73853
46224 75123
32953 89551
59405 52023
51433 29877
50321 99759
48718 59790
46974 92275
83598 53511
31847 28287
66316 66667
42325 83804
44210 97329
99862 64163
95053 72241
30143 29165
71730 88990
85664 49147
28236 66722
53308 69582
91553 93016
95932 53723
99421 83242
86983 80371
96045 60751
52981 88065
58852 65233
83965 56532
34505 84139
67930 34425
57518 90716
43054 55410
-551 -2536
-345 4411
-3546 1761
-2031 -4337
629 -72
-496 -1474
2037 626
-578 -1044
-294 1117
1429 -274
3138 -373
-3064 257
2178 961
175 -503
4210 500
-2669 0
-3737 1655
54 -857
578 662
2545 -1646
1291 -821
1193 1313
1611 797
-1385 -3394
466 -523
-4448 -758
672 -249
128 -923
-379 -3277
3474 2993
-2951 -1122
2782 -2498
-4032 4527
-2116 -548
2688 -1375
-1589 -858
2619 1410
164 576
-1944 1083
-924 807
-1932 -2823
550 197
1753 -1831
1062 -646
1732 -2533
-2286 -3462
408 2882
-298 -788
-848 170
535 275
-841 -212
-2843 -166
-2587 -973
-942 1895
-837 300
1494 -1946
4207 486
-2172 -437
-131 2298
447 -1016
