67 57 2641
75726 101068
55844 68531
38009 38028
42076 50148
55788 79669
72269 81595
48939 87611
58971 84030
71669 45589
74163 97294
83483 39820
55302 32600
98876 54266
43042 42200
69091 69498
42079 95448
81637 79937
52151 97369
48964 95018
90989 63318
60468 58419
75345 54358
98813 89245
43881 94286
39846 48296
76579 43823
40392 78086
76129 32982
100616 102176
45551 53705
96458 54045
87241 38797
52976 42449
92321 104594
76120 45556
38543 89459
92353 70801
31069 71150
79673 60026
43767 36373
94763 91429
55878 72507
95170 81650
90663 33102
97484 90664
45516 91703
63138 69951
79676 78132
89816 77153
94801 54617
66815 77608
87063 37493
38159 54278
72993 94135
77185 62492
80672 70321
89999 29410
58312 96125
74018 91129
55916 69165
77070 91430
79243 86405
56507 74027
91632 60077
55903 82798
39514 77099
65930 68849
77514 99723
57187 71430
39265 36440
42102 46546
58519 80506
74152 82710
51969 91996
57778 85919
70091 42569
75494 99314
86667 40584
52715 34314
96319 54154
38960 39888
64399 71518
40307 93004
87720 75689
53131 92704
52365 98692
89044 65967
56379 59411
74230 49152
96645 86720
43228 97563
38502 47105
75652 44634
38739 74054
79372 32656
96250 97802
51620 53526
92832 54115
90315 37033
47829 43041
92586 98396
77335 47798
34654 92029
88359 64048
32865 74291
83693 60072
39708 39591
94405 91301
54396 73617
93401 80976
90222 34931
95010 92303
41840 92041
60335 69835
79766 75197
92229 79321
91076 55965
63694 75863
82238 35140
35897 58953
68778 90517
76600 62291
84893 68395
87668 32145
59677 97541
73238 93490
60135 72531
72714 91739
78737 85535
56835 71273
95119 61317
54061 83650
41883 77144
67817 67480
-1491 4715
-4363 -2532
-1984 541
604 -4005
1876 3457
-984 2727
-367 3115
1274 -2874
-1180 -2587
3845 -3164
-4201 -1938
-4343 -659
-4306 34
-2988 -1064
-1191 -4726
-1209 -1397
2598 -1668
1122 822
1760 5942
1706 -1837
-318 344
-2121 2257
-2718 4746
691 -741
-3533 -3918
4824 -1334
723 -2397
3775 -1644
-190 43
-1510 -2428
1961 1739
3793 -1167
854 -4973
908 -787
204 -480
-7537 817
-1627 1152
1337 -1049
-444 -626
1686 -3811
-301 -1068
259 -1920
2010 32
1112 649
-1370 -2400
-4169 1102
-338 -3123
2057 -555
6113 321
1866 -6253
392 1111
2522 2703
227 1075
161 -3809
1092 -4397
-440 -3078
1085 176
