81 167 7832
74549 86416
55774 71979
88325 52478
55910 62007
41392 49388
109268 57459
17013 80982
9822 40946
96981 99033
102925 78906
45595 17054
38200 79209
81078 35776
25414 65693
28676 79714
36053 24947
25502 65852
91796 57547
60205 29524
19640 28015
29952 81628
29923 36075
17568 89933
16412 92689
91900 24581
89988 40420
12133 50781
74041 28344
54383 78384
20234 55088
97684 37621
38769 67055
69045 41878
93482 50839
73936 69585
68937 103169
60625 97891
89918 30021
9797 41638
96439 13956
76633 102221
68512 16510
40307 95509
55815 94945
34382 77688
104999 24537
20254 41671
63566 71189
77491 76222
102905 65255
42333 85630
72306 106223
94641 88016
23487 46209
110677 57937
37615 46224
43461 13325
94631 26998
35411 67484
89141 41439
85391 20146
26960 65578
74325 39105
27738 91535
86028 52903
51807 46855
91063 63373
62704 62792
75425 37666
21364 21364
18350 60154
81155 29738
108158 17920
89332 63146
74884 92717
102147 29497
74334 43598
33553 92190
41651 35365
70297 70804
63683 22513
81349 71365
57726 77201
91553 58441
51256 46281
40894 47165
98510 66814
26470 70964
17668 24777
88590 94889
99578 83174
44625 28508
43368 82930
83046 35336
31596 52963
32625 75330
33794 16349
29144 61034
91963 58416
54839 33262
20283 31289
32568 90379
19041 41711
23376 92487
19465 86330
89956 42738
82998 38762
22394 42683
69270 35037
46342 78512
24977 66054
96658 38441
47514 59604
64407 46234
89725 41627
57425 71257
68634 92267
57964 99418
87211 28959
23557 40667
69633 25479
71360 90033
76590 23722
42904 98754
67359 99905
40186 81507
88732 35878
23801 58074
70314 70074
60686 75046
94736 68102
48901 82282
65445 94192
90652 87789
25591 42101
93196 51677
30888 45188
29390 15982
89432 34871
40084 58827
78541 30816
85672 36569
32021 73630
82812 32897
34492 88258
94529 44309
45614 45657
84588 70863
55399 60867
78477 31611
22772 23280
19882 61929
72941 34575
96296 25619
75904 56225
76074 79936
96629 21173
82622 33356
31576 89260
30393 37696
67895 75887
79722 22981
6289 3947
17481 -6335
12607 7457
-2583 12151
5194 -8337
-1238 -9684
836 5613
-2904 1376
-6529 -5043
8044 -11599
4998 -2786
-14806 1339
2817 9464
6722 -5609
13662 6989
2095 2533
-23944 -5047
-24495 -3749
-498 -1789
-469 -2372
8137 -7532
19 8448
1200 -2741
-872 -8609
673 5285
-4545 730
6242 -19101
6466 -1870
5886 -5480
13424 -20867
5843 7903
-10818 -2128
-7656 6348
-800 5586
15878 17460
-1136 2514
-10745 8081
4077 -479
-4676 1570
-5573 -6157
2006 6053
6752 -2577
12729 7831
4541 -3406
8534 455
2316 -1408
-5241 -3536
-9620 -7158
-12111 -10947
8259 10412
4795 321
9015 -3992
-3176 2182
2183 -8446
-15013 -10790
6176 5242
-11976 4408
-8146 -5389
2134 -6471
49 1590
-4358 940
-2838 10449
-1255 7436
-7377 5442
1251 7698
10356 -12485
4055 -6713
2950 4723
-9935 -7175
-3974 -1779
-8603 -3799
3585 -3907
1660 1212
6017 7894
-976 -4547
-2932 -2054
4161 -2753
-4176 1257
-3436 6729
6562 -5822
2129 7476
-3031 1341
2015 -4920
19183 7514
9468 15148
9052 -19459
-2991 632
8652 -2420
15104 7348
8483 7643
6999 -5376
-4371 5542
16830 -4174
-1485 -5049
1430 15763
-3365 4040
-8290 -15346
-2963 264
8781 5241
7536 -2224
-5632 11686
-1432 1940
-12679 12238
10468 -6895
-8867 15377
1139 3443
-9894 83
-4588 -1369
-1103 13863
-7076 -13857
11349 -9568
883 -2731
-6683 -12563
-9518 173
-12227 7899
-4842 -8040
19996 -2195
-4480 1244
-4009 6210
-1438 -12891
9287 6079
-7044 -2266
7639 -2970
-6123 -848
-16540 -3162
5546 2203
-544 1803
-9895 14473
6657 -10462
-8827 3590
6535 6368
4522 -9257
-6299 -954
-6539 7265
3013 12949
4764 5810
2528 3999
-16164 -4756
-3584 -7316
2879 -1998
808 1823
-2910 -7083
6064 -1773
-8645 11854
-7865 -7467
12169 -1943
1963 3112
-9573 -8458
-7882 -868
916 8103
6338 7418
-15505 2629
4680 -3822
-18493 -3352
3953 1173
-8113 6856
256 -8155
-3783 -4881
-8356 20369
16698 -2923
-10663 2213
1897 4292
12810 -3657
-5423 -6687
-13501 7126
-3339 9278
6116 -1312
