76 42 1068
40086 86323
56287 86936
66143 36435
23852 88579
25144 55916
97446 77394
24984 48273
12845 99807
52671 62414
25805 66083
50870 73908
26555 87574
56489 34690
29827 24807
16850 42237
71601 54968
82707 49519
28834 88949
79984 65074
81763 85270
80256 60571
46642 19968
54861 97724
60357 54097
31368 73817
62112 79471
90732 15581
93803 99500
17555 65013
67922 94754
67530 21460
74055 84868
13912 94860
15347 45775
84854 98844
55305 19950
18154 28385
47410 48481
30179 90166
76810 71095
37248 59335
29375 97987
11091 50145
15795 74985
30938 41355
84398 87751
76604 59289
25217 34100
38145 55668
37592 46762
75362 34062
55932 89283
70921 86666
40533 13030
85870 31071
93812 58621
56660 53807
89036 45053
37442 67328
58859 24228
13163 82518
20456 32015
16376 88407
12299 70973
78470 78360
95002 74156
15501 40300
15571 62066
95275 81410
22546 40474
32461 71486
97034 69277
97671 98364
89672 67538
65285 78890
13019 45914
40503 85977
54703 88687
67521 36181
23239 87543
24945 55482
97619 76780
25041 47783
13586 99398
53855 62401
26431 66665
53952 74672
27677 87435
58567 34142
31188 25033
17636 42605
71725 54738
83568 46400
26465 89837
80236 65498
83962 85097
80068 61092
47517 20220
54762 98246
59030 52082
29867 73887
60547 77906
91359 15079
96027 99657
16394 64610
67282 96040
66312 21047
73538 86726
13116 94374
15639 45716
84756 98551
55089 18864
16156 29185
48301 46179
29963 90248
76408 71465
38611 59851
30329 97594
12562 50773
16165 75312
32158 43882
84536 87670
75800 59959
25356 35310
38441 57198
37280 44168
75690 33194
57245 91670
71081 85841
39214 15246
86130 30406
94551 58153
55977 55712
86610 48497
37204 66286
56982 22698
13779 83481
18087 31795
14901 88054
13174 70346
78854 78800
94628 73428
14665 40767
14593 60466
93738 80761
23418 40040
34362 71729
97298 69351
98220 98941
88703 68167
66253 78815
11708 45694
731 -317
1912 18
1130 -1485
-233 -116
-523 701
411 137
217 123
-59 -247
935 536
351 -872
792 1343
-892 -1102
-1409 -747
179 759
869 -194
1039 -303
-952 -1567
940 1082
-344 -2530
-421 214
-395 1341
66 1000
841 -434
-189 213
786 -473
-705 151
-39 -1333
4 715
-16 614
132 290
-1301 -22
655 -1621
269 243
-915 1023
1265 -1320
323 -158
-765 2211
-101 -2184
-366 -1059
242 620
-516 1341
438 -120
