82 82 8846
69889 58506
77709 69785
36816 79723
36746 55968
50372 73905
87549 66803
63164 34627
95355 19379
77762 98047
78874 52107
72154 53762
69805 98361
51268 59753
23747 96332
49319 85043
34635 68452
55846 40637
70882 80330
74408 32858
48148 58162
78307 72921
64701 71568
76942 36997
41553 47148
27654 77007
87541 49457
64990 32365
32378 47692
46331 88916
1 36126
55716 83948
65643 19605
45907 39236
46481 72287
88922 90920
45667 39154
102323 54501
50377 58136
39569 53044
68935 52403
55838 98614
46185 48569
15476 69138
53414 28304
85198 67888
15124 64972
96306 99822
88977 41559
64127 38190
93946 16046
77459 96835
68138 63605
83806 47982
38299 86154
38601 19369
98253 32349
88862 114869
40277 34345
102983 102754
48345 20335
73921 77145
90180 78511
63794 70014
72812 56286
99408 67125
86582 60670
84035 32669
48383 94784
82873 68086
76195 61554
31150 15751
67788 26640
35148 69570
37875 44186
81852 38144
91695 108496
67250 92268
12691 82330
32259 85131
34687 33944
69017 64706
48350 84587
75169 57531
74427 72731
33605 81202
26451 51852
48695 71394
78323 65022
52238 45909
84681 35665
81406 96573
99101 38876
79670 59786
53637 99500
32448 53361
29670 96057
48082 76240
38109 72715
47838 28626
67202 65695
73999 37543
54949 68977
80979 66054
77491 81427
72733 50951
41906 64396
40877 70977
85528 48488
65690 51009
27624 52629
41393 82904
32441 25994
43162 73509
54833 32683
52057 47990
72355 63402
89354 90332
55332 45394
90829 39018
44462 57817
49027 49029
70974 54965
56716 97146
37411 55425
30390 63530
47702 36032
90681 68346
43712 66287
90621 86045
84080 36616
61808 32865
86693 34696
90844 99683
68955 52781
93007 57936
49458 88935
38963 30835
94401 41673
97673 98324
51498 58251
93036 86186
46661 28351
69162 82235
80517 88415
58155 85038
67951 52187
99793 72147
97855 58624
68853 33904
62783 99382
71202 66980
61642 65901
28963 27154
65720 34927
36646 68982
35872 45955
68301 46547
93108 94836
73215 87071
29879 81278
33733 74855
25905 31266
61506 49765
33041 87361
8638 -3158
13188 -4093
5346 -5978
-6711 -2511
-5075 -48
-8325 -3808
13157 4665
-10833 266
-5093 3262
3854 56
-9423 -6740
6779 -11364
-2041 2001
3092 -311
-6348 7888
-1699 5641
-4792 11157
-8663 16297
4473 -10530
-3506 15449
-9460 -3151
-9673 -4270
-21213 9491
10965 3759
3593 -9598
2773 -19539
-7188 1354
-2366 4884
1069 -4556
252 4414
6058 8140
3200 5189
-10370 -12494
399 -289
3769 2149
-18625 3374
-6591 671
5027 11486
-8685 -5205
-81 -6422
-3246 -8098
-443 4056
-20721 -1812
1118 -5978
-14639 2302
4662 -10426
2214 5703
7087 4675
3344 -1424
-947 -4971
19008 2490
-3140 -1664
7889 -10739
7869 -12860
-4880 21243
-7118 6927
2845 14024
2237 11238
11033 -3679
1241 -3618
1132 -8274
-143 12012
6101 3938
-9213 -3853
3382 -5878
-1414 -6285
-4777 -5111
-19499 -7215
5850 -3008
9504 4662
-9637 672
25143 15230
-428 -9966
-24243 -12102
-6017 -5832
-15985 15088
2705 -4896
11229 -2024
-11458 -7002
-8268 3078
3529 -10821
-8160 -4442
