70 66 5399
32552 94908
44128 63139
61289 44169
29698 50343
31395 56295
72368 37356
56181 34066
79259 90365
89624 90372
38276 31664
87016 62707
34568 51770
87163 55648
61070 32562
14170 81832
88527 35386
59658 91050
66290 23942
28494 46218
22647 45273
54748 59247
71328 28566
68331 97371
33883 33955
59185 70847
59239 78215
67296 72455
54750 86981
39571 27100
51116 45004
59102 87046
27536 65612
34779 52764
60155 96879
26485 101647
71053 40023
94020 75274
98692 44383
74711 86863
82833 63956
27592 78474
47037 31491
59996 54860
65683 83820
52060 92632
16370 86233
92535 33318
85908 91067
29711 89715
79097 28733
68495 24083
10172 31230
43009 35415
78465 28631
67321 82616
92721 64845
84119 40873
39505 37177
59379 68018
97327 78142
33213 53768
75505 97548
95653 24818
71234 46662
86080 32609
38599 97025
46034 89058
71811 63375
105985 83399
85405 43214
29500 91619
38429 71451
53346 45694
21850 51466
29446 48959
82188 39761
62174 32840
66436 93913
87135 91597
32693 42540
88448 58234
36635 53160
90166 54980
63692 30723
23868 88350
95050 33690
61076 83422
64662 32085
32770 48290
22645 42416
64823 62410
69056 36771
63750 94817
36703 41325
57361 68565
59543 70305
73532 64998
54229 83394
47079 27588
46963 44422
63423 84857
23798 57585
36632 58697
59428 99358
26738 98138
75467 35798
87362 71617
99945 40430
82674 81873
78846 66915
26197 74912
41049 33722
71774 67232
70031 84580
44519 95862
21945 86215
95022 39368
79420 90996
28126 92685
76444 33256
69893 26933
23188 39279
42314 29972
81094 22175
62478 93342
77975 70592
78695 48125
46430 40976
65122 67337
95075 80718
32202 58838
75704 96859
86957 21532
72542 42279
92341 34234
44260 96039
50994 89227
72307 67358
96586 88079
76334 44769
9249 10489
-2760 8380
3368 -1212
-7882 -10033
-81 -3608
-12525 -8434
-1351 4573
2604 3028
-10880 -8909
1268 -5612
-10624 -10145
3629 1440
-6335 -6599
108 -1745
-4764 -6295
1006 8706
-7199 3577
2555 2089
-484 1773
154 1747
-8257 -2246
-411 5382
-5654 -3531
3756 -616
-4224 10042
2380 5056
12659 649
-5786 -6809
-400 2083
-426 -1566
-130 -4838
-6382 7271
-5987 5378
-2256 8241
-10658 1152
1378 -2628
-1132 3486
-2662 -229
-3062 -2405
2842 2721
-2837 3828
-927 3766
6294 -515
3107 -5785
716 -5941
-3135 8089
-4994 334
-2492 -4544
6636 -1037
3182 -3099
-8758 3421
-6124 -6105
8400 1488
10373 1610
-1548 3118
-953 3323
-2175 3639
-116 -828
6068 -7724
-1734 4368
-389 -3540
-5786 4530
4193 4940
-9702 -7743
-2011 3265
-93 -3577
