36 58 9656
98020 75579
46324 92344
94438 82682
40863 75900
73683 30365
95898 29473
73483 96907
24069 45056
43707 95918
96390 76362
68698 24453
60693 88894
88151 19610
62202 54960
19475 90372
88115 33321
81628 61921
65377 54562
36799 72989
70371 32610
37948 29634
60791 99002
69309 22831
76120 40853
94643 82060
44374 64149
56106 61490
46396 53351
107540 93678
101862 84346
23662 40018
10585 23997
12404 90783
63388 19463
70747 60650
62614 49685
93576 81285
46659 82949
95680 87348
28897 83130
66855 44195
90239 24981
61594 93357
30582 36501
56988 93833
87201 62969
51672 17660
75521 91868
86194 21201
52321 39140
37051 91218
75151 18063
97184 72067
63576 62180
31247 68472
72686 49675
46123 20900
47574 92705
96793 31993
90977 44975
87869 81939
28138 73795
40920 62163
53493 64850
99953 83741
93955 78372
19890 29348
23466 17650
19100 79073
67828 20025
59008 66886
52364 44989
-9061 1294
-20805 -6983
4640 -26499
-460 -12937
3330 -5391
-203 3796
18603 2987
7934 5630
7283 -11724
-10788 12376
-5073 -3480
23473 1837
1525 9089
13733 -10611
6659 -5430
5750 21893
-14127 17725
3258 -3921
-15094 11760
1053 -6068
15226 7557
9196 10062
1219 9359
2545 9664
11335 -17683
-7928 13654
-9399 -9057
14882 -15161
-6514 -7606
7962 12563
14255 -11267
15907 12143
9504 -9940
7942 -2445
15213 -19109
1603 22907
5943 -1788
-9825 3969
-6673 2721
-15393 2521
12362 9561
9248 12014
-7348 -6482
-2154 4114
7822 1001
-6793 2526
-13026 8210
7238 -14789
16934 -1681
1424 2592
12090 -4608
-5531 1796
-6694 8314
-3577 -9595
-1847 958
-11595 -5343
-12654 -5592
-8578 -10143
