45 46 8109
99034 47663
88591 92276
41581 27551
104808 52699
39078 41088
40542 48333
50463 82235
29771 36796
67492 52140
58604 40893
59086 70066
64532 94686
42208 64971
32956 42258
67409 70056
88851 75865
83168 66173
81536 80496
23008 67159
64472 55947
110970 80909
61841 47154
23743 23934
64026 33377
40693 73090
59545 16482
86191 77568
93023 31819
85426 34606
78941 77331
81006 48798
97452 100294
60056 58779
45879 97104
65470 70397
38495 83051
49270 50042
65132 64478
92711 61070
45699 59628
63657 93182
98870 87021
46510 32616
53036 50110
87825 76081
97133 50329
83859 87187
57434 28500
91426 44442
36504 44021
28599 32413
44729 71548
31751 51285
65095 56096
65030 48516
51914 84334
56421 98990
39666 57387
35868 38791
65099 72642
96810 77477
86766 68410
92922 69078
39252 71381
50358 49069
98068 71545
73552 51953
32414 37442
63589 35357
29343 85974
67395 36879
88008 69230
91134 39797
88988 26645
82210 87618
74183 38668
90887 96008
59006 64793
44049 88886
74938 61882
53358 90010
60706 48533
71457 63472
67725 75249
38516 58403
69970 96096
96477 91994
55428 35698
51231 53869
83712 83817
1654 -3918
-15987 13299
-5642 2192
-3617 -11145
603 1489
8576 6389
-4760 3630
-5064 -4121
1543 -3594
17823 -8766
1204 8728
367 -9192
9950 -426
9417 -6625
-3083 -8609
10547 -5145
-14240 -1053
-12773 14092
13712 -8874
-2622 -13915
5896 2991
-2848 -4717
-1818 -1126
4294 3087
793 -5156
-11130 -481
-1585 17911
5233 686
-2103 -1225
-1964 9687
-192 330
-1755 -4709
12997 -2339
-4625 2106
977 -7328
-9656 14198
-3040 -5713
-4025 -1881
-5186 8680
4981 15370
-853 16495
10174 19831
11153 17570
-10756 16543
13342 -5772
16541 13621
