84 128 4329
89957 61258
79011 72106
89229 65489
76235 75308
100419 72794
49123 90530
65331 88449
76303 91888
100225 62553
65763 90291
53799 68443
91398 75705
55511 46106
69813 58393
75957 70810
90480 89543
94819 57098
62852 48622
78568 65210
45712 69097
62411 82928
50584 95914
97989 52856
79421 72436
91951 96763
51135 87466
79639 52046
71812 74963
45385 78074
71873 89121
45994 90291
73859 85610
74723 81565
47684 65938
67279 95154
92852 82080
69374 86181
80345 93882
60491 87889
73482 94078
62945 69781
76255 77242
84331 51318
88978 81642
68630 57382
59820 87665
71839 92155
98656 61685
62127 68487
66463 80585
47607 75137
82809 84635
89711 74332
66020 87137
66849 58116
94178 56908
85205 93342
57357 79649
90710 53839
104865 55350
92582 76605
75448 78353
71186 49353
57144 74311
55771 104295
63981 61741
53728 66669
86023 80136
63799 103561
80124 75367
62385 62048
86674 87021
94002 55099
76605 96257
93748 83388
55319 59664
92664 88174
57256 61786
64926 66494
61099 44079
90977 87715
63008 77683
64373 70581
63294 64364
88015 60641
86739 73276
85535 60353
75129 78381
99716 75104
53672 87916
63756 86980
77638 89909
99620 64322
67455 90042
63115 71159
94255 75228
52118 45545
64956 52786
76538 69827
82806 91635
99603 58884
63743 46317
78759 59161
51091 75098
56837 77189
51891 96978
96780 51405
82403 66305
87562 98869
47825 84994
87222 50863
70322 76064
47530 77415
60075 89873
47152 86118
72883 83266
72917 77637
52124 66973
67262 99385
94673 84489
68107 87072
72181 88748
56945 83766
75961 94094
70623 66422
72057 78151
81550 48510
85883 87527
63313 56977
58291 89819
74347 98128
94827 66543
61038 68055
63226 80395
52550 73631
90571 80806
90813 78343
63480 89250
65497 57834
90069 58854
96542 96889
52429 66706
89920 49989
98408 54922
95488 73561
75774 74360
65581 53073
57096 70346
53097 95279
62124 60273
60616 72110
86550 75639
69918 97337
82232 78199
71582 65335
91309 90516
93620 50842
75042 93865
96044 83722
55665 56592
94956 93629
62576 71031
58497 67963
60234 49350
83660 82290
66163 80168
63029 73203
57816 63668
4597 4235
-12857 -223
4093 -429
6768 -3650
3206 -5693
-2240 -1940
-404 -601
6597 -757
-131 -1483
3989 -1894
1370 -1119
4319 3636
4331 -4136
497 3542
5457 130
228 -3321
-2585 -4646
3737 4172
-2 1819
5456 -6542
-4696 540
711 3855
-1834 -5271
-2462 1598
-6959 2216
-4360 1497
5800 484
156 927
4710 1284
-3733 -9397
-1685 1933
5017 -4013
2280 -18
-488 4145
-8884 4333
796 7105
-760 6789
-1125 2019
7939 1503
-3792 4864
-126 -697
7845 -1813
-491 -745
6063 278
-929 -954
2344 3292
277 -852
-1335 7754
4063 5963
938 3873
-1650 -3283
-3142 -3213
-7309 -1649
6970 2314
-3160 -5584
3798 -6129
5188 -1098
-3660 -3462
-741 3041
5281 2251
-3776 3697
5200 1151
7120 5364
-1014 3620
-616 3007
-4920 3293
-3726 -942
-2914 -15975
282 -1210
1251 1475
650 -5712
-89 -1258
-1081 -4325
-5615 -656
11859 789
-2852 -7027
-3739 2314
1879 1619
2541 7992
3555 -83
-263 3068
7839 3114
-6840 3133
-3197 3670
756 7939
2226 -60
4912 -1855
1334 3027
2810 -318
-4221 3933
-374 4370
-778 -123
-5906 3450
-3600 -1161
-4813 -2835
3499 -9922
-3399 688
-2197 10424
7923 341
5443 -1269
67 7122
2414 -3776
-9861 2642
7681 -146
-3317 -7348
5827 3941
-2602 2513
1889 5290
1084 5152
131 3350
790 -979
-2758 -2576
-2331 4661
808 -1981
2556 -6212
-4763 -2925
4378 -3791
3780 -5981
3549 -3177
1250 644
1122 3529
-934 5866
-3190 -4971
166 -5308
1498 628
-4444 -2020
-3614 955
1012 3207
