83 114 6065
87986 47763
38586 88915
38180 61644
95234 69838
35072 62998
61920 81820
59113 73718
47570 85326
46484 37007
39613 72656
67808 51420
40644 75239
83704 86427
76699 79319
62105 62767
75416 71224
68641 55219
51067 77227
86164 83218
94091 46898
59290 79729
66825 79456
89731 56497
88375 77464
38448 74511
100547 96772
64380 43676
75292 70579
91140 87568
67390 99018
96784 85835
45387 90075
82346 78443
40963 71771
48304 75314
85353 90613
57853 90647
90444 49448
84887 69127
86257 69011
58062 103154
48324 61294
68171 54235
85489 101128
96214 57838
95598 85736
75624 66083
98599 48554
68450 55410
39729 102989
63234 53349
60653 51128
73878 33351
86581 43845
104252 43415
73128 64751
67336 86445
83205 38450
44042 91697
64853 57724
71692 67783
59215 83038
62927 81755
85472 93729
101552 85544
69946 96139
64766 85262
84583 90684
60726 63589
51067 79557
57325 43176
53011 58251
79881 100802
77858 47364
61759 75904
42765 73274
60238 26326
77823 59445
49319 39737
72096 84902
56650 49994
48922 81614
83430 100118
93510 49544
42918 84483
41698 61554
91859 75469
41109 58754
59648 84737
62245 74557
44794 88535
42291 44342
44475 76693
65432 53645
46932 77026
88030 86150
81277 71600
65880 63859
69681 72449
65604 53712
48217 74972
89838 98296
99089 39712
66253 81127
69320 79362
90429 59778
93915 72031
44751 77961
93185 99222
68075 49920
81928 65004
88782 88356
60129 94908
92135 76701
53698 90859
78734 79007
40667 68849
47857 77759
85951 81033
60075 98710
86849 49029
91959 71266
83796 75093
64037 94291
43160 66658
57763 55087
80007 98654
88986 57834
93279 84555
70830 62631
88299 46916
74994 62980
44415 96821
67812 57675
64047 50972
73361 47986
84612 42676
97601 44885
75037 68060
70133 77638
85317 43040
49607 90041
66608 56890
71776 57457
60023 83258
70028 80721
83476 87615
95757 80403
64796 95564
74090 79041
83959 86432
55985 61348
48988 78953
48535 44003
58601 56762
88594 90608
69503 44555
63901 82421
41076 73371
58874 39871
77613 75828
54251 45659
72410 80323
54754 55342
49391 78455
78130 96303
-7815 -1299
445 -4459
-1462 -708
2954 5438
-2442 4229
4032 11890
3570 14089
553 10521
-4108 725
5634 -5452
-108 -433
7184 -3142
9668 -3230
-5512 -11444
-1432 10669
2352 -4248
1012 -6489
-33 -3598
-7114 -606
11865 5814
6557 2174
-8317 8281
-15 -13951
-3696 2250
13094 -4145
2188 2807
-6208 -966
-8614 -6725
-9728 4080
-1356 -11507
3168 4058
-288 -4281
5431 -1252
4895 3600
969 7047
-3720 6438
-2688 2706
16603 11212
-4278 -8582
2492 -691
-9448 6780
2713 -6913
-133 -11344
5059 -4360
-6756 -4430
13513 -4912
10037 8418
4683 4270
874 19024
-7678 3232
4090 -1928
9706 -768
-1028 -6975
-1387 -362
4469 9202
-3908 -85
865 10435
-4215 -2956
-6038 5892
4947 -5800
11079 6032
6133 -14579
-4897 -102
2841 8383
4058 -7544
232 2786
1796 -2517
-7367 6333
6096 4190
-8919 -4299
6103 -1891
10272 -11232
10856 6367
2687 -7640
-2053 7840
98 2060
-4878 -4228
-3963 -1926
5947 -2357
6349 1479
2616 -1975
8614 4973
5949 3364
-10406 8637
-7571 -4675
-2324 -6840
7713 -5074
19507 -593
3440 -13308
-888 3135
-2393 3489
10154 109
-8081 -977
8771 -3172
-8404 1460
-1115 -1908
2858 4619
-3452 100
-9291 4871
-4756 -3362
7311 -178
-2848 3663
9580 5790
-5627 -13340
1933 8050
6405 -6637
-2299 1224
-6387 -2863
11598 -6283
2251 -397
4915 -6435
-1033 -3626
2513 5548
9117 1942
