30 45 2918
60193 91583
70423 98266
43963 100365
48398 55310
45810 69946
38464 89343
60565 75594
64820 52702
92598 74281
101698 35396
23211 56677
39768 78066
60925 75916
54301 64549
40707 40720
57223 89371
61212 31031
64116 55396
100337 60862
86371 81829
90700 28838
61615 59278
73611 89567
65593 95620
70358 68055
68839 64570
97331 65315
47426 47980
76104 55054
26540 99329
59721 86660
72881 96119
44846 96509
51949 52985
45544 70025
35296 87830
58956 83399
60379 58170
96161 72278
99888 36697
30652 59261
40826 84002
62197 74413
49496 65868
42535 47177
58178 89840
57558 28977
62452 53512
98367 59933
88238 79432
93265 32238
56312 59740
72571 89838
69524 98103
71821 66114
66461 64172
94840 67228
45898 45302
78087 54109
29770 96068
1153 1625
-1167 -3925
-2925 -2755
-962 1842
3329 3175
1750 10
-1405 -5539
-3757 1868
-4310 2730
-4170 1834
-1510 -1483
-57 -1241
-6630 127
946 -3701
1827 -392
-465 -3052
-1927 3105
-166 1822
-1465 2304
2579 -4949
-1533 -1644
1922 3651
-2042 -5181
-2547 -3556
2039 2188
1951 -2680
-2138 2530
3126 -3160
1230 -850
-5237 -7642
239 -79
847 -4103
-1620 1900
-1460 655
-1703 1464
-3232 -1458
-5690 4468
-2813 -2180
-1278 -4447
444 6310
193 876
5023 -2879
-1044 2005
-4871 3122
5996 -3665
