79 40 5590
90525 70566
62283 49419
12888 62015
38132 45204
39629 77114
54875 53313
14485 93378
92624 86365
55149 31744
24683 51581
81139 92163
34080 32181
59776 27927
58097 72528
84806 85701
48829 77935
24173 51365
57475 89744
67216 76214
88791 81218
23853 47413
81201 74891
25918 47885
41120 39937
36100 63256
50078 37505
86663 26020
73390 90132
42058 38332
44729 85039
97956 27525
17647 93318
30882 96116
95768 65304
45075 30602
41374 81958
18940 51444
74745 51539
62698 80646
73492 56841
32630 34298
39643 73780
78902 62499
51814 85041
38037 53243
41638 78788
52425 38486
34251 28888
57290 86431
28251 81411
30263 23617
70039 87478
74071 49445
42188 41025
35528 65235
71838 43132
18685 27549
23445 83053
56692 70219
48489 69249
23066 99445
35575 45926
37564 24604
42515 89895
87611 58679
75312 85751
38134 86656
76299 69454
79496 68998
82558 88464
87256 26784
34192 28640
37377 36782
43784 25970
38138 77061
54387 95282
56655 86258
37383 40136
98696 72305
99459 74773
76999 42862
18127 55886
47070 40897
46239 78402
60597 60016
21698 85409
89492 79484
48243 22406
21845 51150
83539 93769
40546 43159
54913 22176
63167 63704
85838 92250
49052 84094
22320 47275
60271 85557
68277 75601
97242 83837
22555 47564
75349 82192
26014 48310
34935 36553
41452 65806
46201 38172
86784 22091
70754 97017
40894 36755
40947 87374
96479 30896
23766 91969
27907 95707
94197 63953
50184 30264
34770 87071
22196 49616
76146 52966
67066 76891
70906 53455
27097 34962
48753 86921
77234 73632
50469 87643
38952 56566
31046 70205
53561 44475
33171 40440
57158 81742
23249 79561
35502 24210
59800 93474
76995 49149
44581 46775
31181 65542
74408 47708
20391 31471
23988 78613
45931 70065
53513 59029
25045 91127
39338 54846
43619 25022
33539 90152
91777 59911
77021 79667
34483 87977
74642 71730
79607 83187
77698 97631
88095 32043
31740 24402
42949 30558
45848 21282
42757 80002
50273 98890
48529 84682
43214 37713
93161 66401
-6204 -2554
2770 -1204
-2827 -4785
-688 2395
111 7650
-9161 1015
3355 -3585
-5967 -2433
-1887 4194
-4328 -5598
-1559 8600
-7809 3906
-5358 4563
-4006 1834
-4059 1241
1986 -846
1494 3881
7976 44
-4757 2390
495 603
-1335 -2483
409 7773
-6831 12306
-4293 -8867
-2519 2242
-10133 -9122
3708 -8818
4348 7240
4451 -888
-8431 -4140
-2119 10324
826 -1243
-2109 -4605
-5896 -5850
-3155 -151
955 -7246
-3956 -8087
4589 -604
-4649 5051
3974 6385
