69 117 5878
99244 84750
57920 52870
104745 63546
84721 70528
46774 80112
40539 75296
49960 49604
82740 55288
90718 61348
43124 65808
73150 67908
77309 46560
97473 70971
45941 52417
59267 48639
48759 77423
61054 91514
98726 68949
71867 74306
79405 55010
105646 87444
44661 103765
98961 58310
66116 102045
52136 68237
63287 49659
62819 92060
65744 85179
50910 81993
42390 98794
47383 45457
73705 81032
66476 46624
75612 67824
88377 53027
48073 84943
91915 75263
76827 86431
92532 72486
67685 41354
81344 106965
80743 60979
77122 52740
52410 57808
76668 94694
82896 68837
86494 70894
57967 91564
71915 61949
87994 71987
44062 82057
43684 68861
62844 59331
62907 92687
88305 63919
82579 68946
90947 93608
56736 69335
82294 45489
30697 80074
60450 55810
26891 51495
48044 61720
80087 43166
69812 41962
69626 72088
91658 60004
76251 74092
47406 62374
99920 84228
58370 55712
97004 69174
82325 73256
58387 78813
46936 79159
42960 51318
72490 53634
92775 63858
41728 59864
78470 65571
81366 42800
92446 69723
41775 50699
55593 44541
38523 74831
61016 88829
85576 75071
74177 76613
75744 54230
98634 87723
53209 99486
97266 60530
58261 98212
50988 77128
61071 46775
58707 84036
63747 75316
47129 70953
46712 99513
51461 55792
73498 79122
72104 41198
75823 58882
83767 48500
42531 93956
90387 72285
84609 90475
89856 71155
72852 40198
73648 97324
79887 71767
78402 59987
62158 52404
73714 88194
85630 62155
87942 71690
54555 93279
67045 60991
90597 73892
44654 81540
38312 66518
58029 68281
55816 80967
89429 58426
96736 68131
89248 95019
57793 64021
94272 58512
37558 78300
63645 56802
42361 55289
43215 61983
86316 38612
64071 46889
71955 77327
90952 56683
69666 72147
48807 70819
4459 -3588
-345 4194
-658 973
8879 -3828
3741 -5773
160 -10491
-202 3848
-8449 -1379
-7647 4527
971 -1030
-5094 2811
-6901 -12297
-1690 -15054
3317 1968
4811 3549
-3724 -5918
7810 2252
10614 2906
-1404 3675
349 -2644
7394 -553
-4908 -2464
-1098 -2100
2823 -5325
1392 -5092
-6063 8003
-8166 11953
10907 -2594
3061 4411
6299 7537
3661 -466
2189 -6088
10160 887
2926 7699
140 -14122
-1427 -909
-13164 3795
-9211 4319
-3435 -5170
10768 1387
-3153 1442
-8213 2495
-2937 -7819
3141 -11268
-67 -195
2599 -5581
9337 -1376
-12275 -8347
-7687 -4647
-800 -10696
2189 6270
-1021 6873
3381 -3200
-3471 -6437
-3556 309
3284 900
-1303 -3504
-3755 5561
-10308 -2208
-4200 6677
2981 -12452
5004 -2201
-67 -1384
2669 -6733
759 7371
-4600 13104
-3658 8272
1829 5204
-1055 -6138
-9939 -591
-4131 -4541
-3190 7502
2866 1337
-3465 842
13566 -6515
-532 -132
-5332 -10255
4605 1450
-1258 -4709
145 -3235
-18361 2206
2727 -8272
3559 -9327
8973 -4738
-3755 6536
-550 -6264
-7297 -217
-6510 -3311
-8698 -3401
-4873 1951
3644 -2563
13830 6883
1602 -1058
8219 2229
-1581 10908
-5933 -4464
2895 2691
10412 -185
959 1055
1040 -667
7445 -124
9355 -3815
-2429 6338
13418 -2831
-4827 3160
1510 5811
-3330 -5662
-2242 -3985
3659 -1446
1747 -9029
-6798 7180
-668 3040
-916 472
295 501
3851 -2915
-4858 -4478
4057 8299
