99 61 4501
93341 68833
83846 71465
82564 60678
82892 93173
101904 71825
58947 72191
106377 70237
41694 87422
82561 91606
57101 48269
58309 63038
59869 74470
63527 62016
77383 99429
73810 92263
92904 67501
59441 94014
75186 94099
65955 78981
65665 62272
52596 91651
88054 63862
64584 82569
76201 65369
42451 72844
81261 93684
56597 47143
77747 74823
94743 71104
37605 62622
47831 80531
60606 111559
47178 58200
84627 48742
93005 49049
93417 94959
55997 58796
81198 86400
70382 75316
59676 52318
46010 77096
78011 46693
85836 87006
78068 94191
40684 82886
70501 79709
71478 53101
82262 75153
87284 50500
66155 70896
50938 89162
73719 56382
92007 69007
90835 82271
40097 83513
54550 50140
85914 66217
66353 63674
96446 77141
81934 77749
48419 67263
74048 76085
64271 49397
48984 99597
56397 97169
63438 91263
67988 87493
90501 84507
82499 69595
78987 91964
91922 101185
99458 94618
84736 84921
86069 58106
84773 56404
97295 69015
58002 69035
86344 55348
89874 63820
52360 47383
64351 76026
82528 50285
78204 66800
53886 72846
59115 54691
48752 78901
97686 97807
83381 52724
52690 80323
71611 98912
77523 81324
74996 84099
84388 52802
74211 39785
68205 97077
58418 46746
66152 79186
76618 74068
47495 50264
97554 76971
84773 62926
82445 56305
80889 89884
93389 66299
58914 76225
99765 68367
49240 86433
79901 84697
50017 49362
58909 56446
49406 74855
63267 58103
83113 95667
66578 99140
89283 64773
57951 95181
77394 88018
60292 83150
65024 67570
63774 84244
87406 63428
56374 73913
76669 67841
45836 76397
80771 93357
55161 57646
72524 67210
93581 70281
47381 67812
47610 89082
60223 99888
53987 56352
71103 49937
93325 44195
89164 96898
58223 61688
77069 82808
73028 70011
63338 53056
47536 66503
75749 51848
73511 92794
80926 89211
46047 85019
69439 81935
69555 55547
81610 73931
88639 52104
73828 69743
49758 97276
67813 56176
89330 73565
82387 89334
45335 89741
49683 55045
80288 57271
63974 65040
98399 80027
79800 69271
51353 77081
68762 77400
68330 46765
53873 88775
49334 99616
59006 94402
55224 92678
96890 91335
84452 68574
77846 98633
89340 98931
99256 92977
87138 85902
84218 55286
83638 57360
93478 63341
56878 72683
80599 60019
91382 66590
45294 50065
58751 75551
76660 51622
84497 75174
53249 64706
56999 58720
51366 82307
94708 90707
86714 49308
47958 86431
68452 98436
71462 88511
77739 84682
83922 57975
77366 49486
68412 96487
57376 45646
66170 85948
77915 74967
45906 55991
-2502 -1240
-4756 2801
-2713 2611
-1038 -1210
1936 5405
-3441 -558
4409 1792
-4452 -364
-11182 -7201
7691 -7233
-6485 3058
1651 4346
-6004 -5650
2030 1871
-861 8679
7315 3417
-4095 9401
-3958 275
-9646 -1378
-13188 7082
7318 -3844
-3467 -5490
-5067 -4590
-7374 727
1079 -321
4077 -81
7865 4777
2329 -1270
4297 -5208
10653 5177
3850 53
-1815 -7681
3170 3747
2288 -6596
4291 -2077
-2140 -972
-1167 -156
718 -5484
-3755 1973
-2541 -465
490 -5097
-6416 1030
-415 -7907
-6456 3651
-614 1111
2132 -3565
-7479 5295
3664 -4245
9438 11135
8736 4885
-4225 5909
-4134 553
-1730 2108
-16290 3170
1326 3159
345 9992
-8538 -4210
2674 -46
-1413 2283
-1468 1471
4818 4494
