99 85 6224
90581 51871
80654 82833
69391 64117
87925 78765
55138 55108
78109 70584
101025 88110
85301 93714
64219 99722
44731 93015
46574 68327
45862 82719
87344 68832
49548 94503
57755 53231
52756 97791
88199 52416
82520 53334
51996 64325
58678 71120
93711 101693
76530 82736
94596 89271
87544 59248
60142 80882
65011 63018
59876 60867
59858 62058
95534 51989
85344 68650
102560 91770
50934 80186
85215 104795
92212 78542
48396 54932
87906 94410
50485 94004
63506 68516
81259 78582
101661 65743
70109 105697
45958 76105
88481 104406
104456 84509
69737 87333
65984 68112
83245 96770
58778 55043
99204 52437
73090 46509
101774 40815
78674 67136
61891 83165
60470 97528
90306 94989
83848 59537
90364 56801
72678 81974
71577 91197
62675 66497
77602 78691
82803 49541
82536 75594
47105 78086
40258 62507
44513 111394
73220 69136
89102 71473
84898 89184
83090 97880
71828 70163
51528 71455
81455 79243
55805 82685
42563 73359
67075 85478
49346 46643
67758 60380
86281 74699
94269 96155
60193 102277
56211 59128
80355 72895
52426 87444
61466 85554
71554 64217
80718 66467
39384 85221
89111 95574
66340 80203
57838 66709
52930 64265
82726 94843
87322 64886
91900 76696
85696 80823
65808 74505
89518 71736
58099 72009
89044 54420
77292 85775
66793 66899
90394 75912
54925 50002
73251 61779
88624 90912
80407 88195
48926 81482
51214 96685
53762 60256
47579 89922
82322 73241
51349 99843
56267 46581
54787 89738
85449 54035
77104 54074
47701 75303
60169 78528
97087 93842
70185 86703
88708 86106
98726 64539
56183 69406
78950 60113
59690 72510
48833 62812
96797 52179
92550 62490
97901 82798
52671 69954
78116 95050
88375 87944
49163 53945
86534 87744
47636 93239
57437 69068
77998 69426
96422 57548
78922 97973
46436 78389
87231 98504
99620 91283
77035 90099
72560 73425
81635 98533
63218 68709
93917 56912
61044 58363
85797 48679
80173 74467
58045 83930
63366 81623
87618 80233
81971 59627
90128 61733
71592 80624
77856 86839
60974 78370
62051 90282
91877 54436
83532 75452
53749 72483
46932 59358
47184 98902
79833 69441
82079 59546
95578 91415
90596 96830
73958 68772
52190 83769
71283 73360
53524 80364
46251 73810
66250 78596
49242 58964
64048 58212
81288 77706
97438 99652
52840 87184
56736 52947
74758 63666
54490 72757
67499 84782
73355 61187
76873 65521
51508 83990
76727 98435
57206 67954
59160 66472
67321 63335
78357 79210
89082 53296
86732 70571
84106 72448
66143 79256
83783 76201
54427 80474
3523 -4882
-4900 -5583
-1042 5485
-7955 1335
-3317 8392
3713 -5177
3038 4920
3713 -2964
7782 -787
12699 -3944
-5018 8531
7292 -1149
2700 -2373
2358 -9836
-14333 3079
3251 -5605
-424 -5597
-5829 -154
2863 -6120
1936 -2778
-3253 2960
-8081 -3018
928 -1190
-2794 -3199
-1307 -3322
3146 7562
15528 4450
-10360 -105
2695 -868
-6118 -3708
-15385 -2975
-59 -5915
-3882 -177
-590 -7332
-11133 -976
-9013 4857
1782 -1727
-10537 -599
13594 6644
-7417 -1724
3432 -1660
-5063 6434
-6560 -2894
9938 1028
7019 -12861
-1089 -600
-4053 -13682
-11713 7488
2071 -5395
6498 1094
7589 -2065
2005 11304
-9012 -9470
1321 -4533
-4070 915
-2326 228
6496 15054
1652 4394
4940 2283
4409 4249
1313 1309
-3583 2363
1092 13108
-6151 14703
11362 3701
34 2795
-714 1136
1275 -9294
7782 6641
-5138 3460
-1713 5107
-4721 -3026
-1944 -864
-81 278
6000 -4061
-391 11189
-14693 468
-7161 -8602
-1039 -1699
-5906 -1138
-4532 -4495
4213 -5826
-988 12270
-7111 297
865 897
