90 59 7446
70134 30515
43466 73404
98937 66594
64920 60039
97973 31629
53416 82572
57080 80983
51128 65998
56622 46457
65709 87387
93994 89764
36604 74119
39387 50148
60165 85442
98813 39111
24664 58055
51103 94046
70541 81860
91049 64887
79828 38426
43144 62556
25014 84868
44136 45751
55606 91427
26264 83926
63013 66981
40259 84253
66866 75495
41321 67589
23823 57053
56841 62277
21077 57605
91270 78493
49143 72001
24381 75428
31985 36477
66821 93599
71776 53963
13829 101288
40128 50074
36449 23794
48657 86208
90647 37256
96007 73780
17785 25938
61455 60344
83539 100616
87819 30689
45152 74286
65961 75639
66644 68392
73374 22893
59169 44144
106723 30678
72323 93149
94294 82684
29341 51211
52536 48770
53446 59802
69865 77234
91167 25954
37615 76880
32377 51447
29921 43544
85022 81292
31528 72692
17005 82401
98366 58454
37475 62182
94542 92344
33325 80049
87608 84947
55377 84156
86532 44072
60256 48864
76141 61311
41536 40353
71821 76984
37222 71858
89371 98649
55796 40753
70204 29219
82710 72850
36896 80404
20479 48462
66183 90527
71698 31896
88992 75685
94728 32827
61930 33484
61530 40302
54187 69996
99236 61543
65205 73264
89817 32544
43134 86758
51315 82427
53228 77075
55841 50797
56786 88401
80850 91386
30271 73202
29997 47579
66499 80848
93721 43929
31699 47626
39200 88150
69879 76275
88166 65599
76133 47710
38314 71298
26993 86975
32901 49704
52299 94785
39101 90175
64612 69977
36266 85793
55657 66732
48257 69202
38952 70567
53080 51992
27215 59417
80988 72727
50403 76537
29368 71997
45198 41784
73463 85696
74426 63030
25327 96886
46880 55053
37860 26085
56789 85457
95713 42796
94448 84459
26592 26779
45090 54735
82602 86382
92622 33635
45137 63596
69311 82389
62106 74931
76067 32779
49037 34851
92051 38756
68603 96262
91291 96141
31199 56832
55954 55491
45759 51191
70729 75932
88079 37734
39280 62655
26197 54164
32177 32157
85325 92027
25981 70336
26029 82157
84263 53491
29977 52656
83709 88213
41510 91345
92435 82477
52298 84369
99500 41464
55621 50166
68599 55409
36811 37856
69853 78935
28794 64776
87078 89904
59353 45113
59058 38218
73632 67291
40948 73430
28021 41432
75409 98393
79928 41632
96134 77859
90471 43139
58845 38185
1597 15298
-3265 4108
-3465 -2722
432 -4440
10069 -4366
-3498 -16349
-12243 -23146
996 4092
-12516 -5021
505 -541
4892 -1842
-6156 5150
-1418 -16781
4970 8822
3484 9726
-4881 1191
2491 -11845
-14512 -1209
12213 4130
-654 3663
5035 -7839
-7677 -1140
-721 -12843
15522 938
-6066 1079
-10449 9470
16233 1010
-10753 6072
7368 -7881
3711 -19799
-17185 2606
10895 2486
-5156 291
-1013 1294
-521 -7856
13756 -3525
-14099 10287
-2089 15027
352 -9775
-6661 3913
16031 19118
463 4451
-5846 2445
2563 -10735
679 4148
2255 2571
5155 8182
-850 2566
2221 6797
-7776 2752
-3228 -13636
8081 -5914
2790 14542
-10292 3043
467 -15339
4820 2016
2353 -7013
-4873 1984
8217 -5374
