43 51 4239
74054 81581
94284 57009
70397 74185
92288 83338
92375 74040
97182 77719
85994 99186
49856 89827
89449 53226
96052 75403
86559 72704
70569 50123
93825 92104
73292 66830
42764 49260
84003 96040
87775 74325
59235 99702
74720 99770
70049 50749
39334 92067
43502 92205
67874 83008
46355 38464
86670 99116
98208 76858
48021 61884
54822 67974
85010 92256
71754 74760
68523 93828
94272 105484
81554 81157
85884 60661
49648 41648
84245 48550
62420 72411
55140 45145
80990 60090
50612 48555
54023 74340
95679 54009
49152 94412
72973 86340
97502 61652
67222 70335
92711 82350
87790 82342
97783 71946
81488 96464
61133 91746
89973 55995
93288 72946
85318 68763
70411 52523
97288 95744
67800 67438
47408 51810
83852 95823
88784 74354
55145 99407
76595 95697
66408 49739
45365 91718
44412 91996
70258 86038
51895 45064
84327 98785
99695 78588
57959 62889
50327 70875
90389 90273
70972 71548
70535 96444
97782 96718
82970 79943
82753 60057
53796 45647
87198 49949
63018 78885
53465 58385
83179 58313
51116 46831
53200 81684
92930 45527
44402 92555
8212 1164
3279 2279
7213 703
2212 -1170
-2382 7607
-11057 -1391
3941 3472
2333 -540
5463 7441
-1719 1808
51 -5440
2472 2892
218 -1346
2326 -2833
-1967 4103
5535 -2687
1508 374
1322 -2390
-6333 -541
7155 -521
5801 -2495
-452 1210
5379 -1710
-534 -2212
2219 566
1562 -3883
-1640 863
-2496 244
3354 -6854
-2903 -3792
-1072 3557
-5502 2308
2164 -3741
1629 2107
911 3282
-4590 2572
-6541 -2080
5465 -3721
-5620 -2591
3495 5276
1449 -4339
1970 2008
-3769 3187
2450 -5174
2595 4837
4458 288
-2139 -1360
-1206 -3022
7331 2050
-2455 -5830
-1979 3092
