33 55 4648
59726 75978
81279 89894
80795 68381
65641 93235
71260 70959
47101 84787
100645 96359
66257 43871
68188 73387
90789 91917
93158 45942
79290 96596
51870 94745
70848 72984
71967 70543
56132 52842
77574 86761
54282 75976
74617 38700
69503 67717
87804 83799
54268 63573
90970 104609
80495 62844
90776 53359
81319 53867
41125 91999
74381 90713
94611 103624
84057 79102
67096 72494
75574 49604
87346 55117
63392 85119
75714 89088
79481 70730
68624 94682
78701 73416
43413 91058
93939 95782
70789 43995
70049 77771
87346 92542
86874 46656
84256 93696
56746 95334
67332 72912
69832 75427
53237 53087
76304 83601
60790 79836
79462 44336
74046 72264
86672 84864
51331 67532
78648 94275
80451 54386
86767 54280
76994 52837
46432 90298
70852 85081
88962 99951
87282 84930
63729 70979
81176 47815
82691 57466
3190 3573
5899 -5689
-5817 1687
-4183 5536
-2225 3841
1851 1324
-5738 -2854
4325 -1257
-4802 -2627
-9719 3796
-1094 -1710
1044 -4796
-2652 -4979
6974 1621
-2966 2958
-897 648
-4869 4853
-4329 768
-1897 4686
-5612 -4
-6933 2282
574 4347
-4671 -10479
-4694 266
3623 -155
-109 -912
4310 1173
-3089 -2766
-4366 -11303
3200 -2129
-4189 -9984
2517 -3185
-4976 -4350
-1215 -4241
892 -6684
-11249 -10263
1299 -8138
4911 -3852
-9118 2320
1383 -3484
3858 5671
-3397 2295
1622 4125
5105 2326
-649 -230
-5055 -5548
-9654 -3161
-5642 726
-1117 -5486
-3990 1605
-1708 -5079
2682 -2888
5274 -3886
8947 3556
5024 -1182
